68994 1 0
25379 2 0
59318 2 0
69472 0 1
63103 2 0
51225 0 1
53380 0 1
25468 2 1
1913 1 2
63354 1 0
45397 0 1
33450 0 2
51868 0 2
38934 2 1
8890 2 1
57234 2 1
49947 0 1
24220 2 0
42554 1 0
16783 0 2
29651 1 2
41016 2 0
59535 0 1
18656 2 0
65913 1 0
6391 0 1
19178 0 2
51886 1 0
41729 1 0
55045 0 2
21673 0 1
58909 2 0
64198 1 2
47198 2 1
8097 1 0
12653 2 1
57649 2 1
25148 2 0
12175 1 0
45204 1 2
30926 2 1
24178 0 2
13353 1 2
32586 0 2
5914 2 1
11468 1 0
28013 1 2
26041 2 1
57794 1 0
13479 2 0
7567 0 1
14173 0 1
55492 0 1
68836 2 0
56777 2 1
52299 2 0
66623 1 0
61289 0 1
68951 2 0
28135 0 2
41160 2 1
44197 2 1
33626 2 1
19956 0 2
65564 2 0
34689 1 2
37539 2 0
46988 1 2
36649 2 1
17533 1 0
17490 2 0
62110 1 0
23344 0 1
7859 1 2
40507 1 2
52478 1 2
13281 1 0
51389 2 0
29887 2 1
8157 1 0
712 1 2
67810 0 1
47564 1 0
68117 0 1
10295 1 0
54104 1 2
53948 2 1
8728 0 2
44982 0 1
31283 0 1
25931 0 1
3751 0 1
30289 1 2
24877 0 1
57612 2 1
9513 0 1
46783 2 1
2858 0 2
14472 2 1
64214 1 2
4869 2 0
35724 0 2
45863 1 0
53029 2 1
25987 1 2
6356 2 1
5936 1 0
35420 0 1
21019 1 2
5845 2 1
69677 2 1
10269 1 0
34841 1 0
10850 2 0
37450 0 2
710 1 2
49794 0 2
33124 0 1
20425 2 0
18025 1 2
33191 2 0
60293 1 2
30229 0 1
51737 0 2
7679 0 1
38769 2 0
37902 2 1
45782 0 2
38485 2 1
69052 2 1
56126 0 1
7042 2 1
6409 2 0
21877 0 2
22738 1 2
46679 2 1
44919 0 2
9772 0 1
8337 2 0
56487 1 2
58515 0 1
68559 2 1
23210 2 0
31696 0 1
22942 1 0
33636 0 2
56086 1 0
69108 1 2
43325 2 1
6894 1 0
8916 0 1
66698 0 1
42007 0 2
37550 0 1
19585 1 2
48231 1 0
18728 1 0
68245 1 2
35312 0 1
65922 1 2
30384 2 1
67017 0 2
50353 2 1
9936 1 2
48058 1 0
9552 1 0
50839 2 1
4098 0 2
4199 2 1
65022 0 2
63814 0 2
33232 2 1
21059 1 2
60816 1 2
26430 2 1
3509 2 0
8105 0 2
30329 1 0
8828 1 2
95 2 0
67374 0 2
43027 0 2
66119 1 0
63705 0 2
69319 1 2
28367 0 2
66529 0 2
33855 1 0
21987 1 2
31589 1 0
1920 0 1
22151 1 2
12267 1 2
59258 1 2
64854 1 2
19745 0 2
39783 2 1
52076 0 2
23954 0 2
6392 2 1
65767 2 0
2206 0 1
27795 0 2
23092 2 0
49751 2 1
14981 0 1
26408 0 2
23552 2 1
1746 1 2
45147 0 1
46995 0 1
40287 0 1
30765 1 2
43853 0 2
43207 1 0
35102 1 2
28308 1 2
54841 0 2
17464 2 1
1225 2 1
47571 2 1
39138 1 0
8220 1 2
54411 1 2
46821 2 1
51023 2 0
66877 1 0
34728 2 0
29562 2 0
31130 0 1
18115 2 0
13974 1 2
66126 0 1
40191 1 0
28348 2 1
60423 1 0
45845 1 0
58262 2 1
37849 1 2
18716 0 2
37944 0 2
54614 1 0
53953 1 2
11440 2 0
11515 2 0
23398 1 0
33171 2 1
45325 2 1
17821 0 2
37290 2 1
3074 2 0
11709 1 2
12747 1 2
64924 2 1
57876 2 0
7636 0 1
6263 2 1
50153 2 0
62424 0 1
46731 2 0
32991 0 1
56280 0 2
64839 0 1
48573 2 1
54668 2 0
13014 0 1
26028 2 1
14286 2 0
53177 0 2
1952 2 1
52045 1 2
48621 1 0
40314 2 0
22916 1 0
32304 2 1
59700 0 1
24473 1 2
8252 2 0
48351 2 0
16943 2 0
50219 0 1
22995 1 0
32720 1 0
61464 0 2
34334 1 0
68446 1 0
23093 1 2
66140 2 0
53381 2 1
33890 2 1
6452 1 0
49767 1 0
28286 1 0
63236 2 1
19228 0 1
26532 0 2
36424 1 0
50646 2 0
15640 1 0
27388 0 1
38875 1 2
29996 1 2
7623 1 2
51586 2 1
38186 2 1
47111 0 1
10443 1 2
19844 2 0
37729 0 1
56342 1 2
20719 0 1
56130 1 2
33765 1 0
35896 1 0
3753 1 0
48023 1 2
59941 1 0
52400 0 1
18359 2 1
34532 1 0
40012 1 2
26181 2 1
5141 1 2
38634 2 0
28344 0 2
58201 0 1
45136 1 0
65013 0 1
1455 0 1
13404 1 2
389 1 0
2265 0 2
54815 1 2
18567 0 1
53143 0 1
67070 1 2
290 0 1
56859 2 1
40680 2 1
33832 2 1
56279 2 1
25446 0 1
42481 2 0
2188 2 1
23242 0 1
8056 0 1
68622 0 1
56102 0 2
59355 0 1
58426 2 0
13632 0 2
4593 0 2
49925 1 0
24457 1 2
18404 2 0
21945 2 1
34280 2 0
144 1 0
5395 2 1
58762 1 2
10556 0 1
11399 1 0
40305 0 1
39649 2 1
31977 2 1
46938 1 0
19803 2 1
46562 1 0
10730 1 2
45461 2 0
35065 0 1
50959 2 1
38117 1 2
57123 2 0
39980 1 0
30291 1 2
3486 2 0
23044 1 2
19661 0 2
8373 1 2
65226 0 2
28789 2 1
59820 1 2
27985 2 0
63009 2 0
49355 1 2
35559 1 0
16329 2 0
39118 2 1
43423 0 1
19177 1 2
64940 2 0
24806 0 2
64307 0 2
45154 2 1
58845 0 2
42216 1 2
61330 2 0
45920 0 2
55793 2 0
60652 2 1
17186 0 1
34719 0 2
51533 2 1
63558 0 1
19961 2 0
35940 1 2
4762 1 0
20713 1 2
57956 2 1
54508 0 1
4312 2 0
53651 0 2
58266 0 1
2173 0 1
28675 0 2
57061 2 0
55688 0 2
66273 2 0
67401 1 2
28158 1 2
62584 1 2
60832 2 1
14447 1 0
20536 1 0
3831 0 1
62546 0 2
33294 0 1
12535 1 0
27 2 0
54894 0 1
29094 2 1
58939 2 0
6919 0 1
725 0 1
51249 0 2
35757 2 0
38854 0 1
58906 2 1
7830 1 2
32026 2 1
60667 1 2
43554 0 1
26851 0 1
11856 0 1
13983 2 0
14568 0 1
15001 0 1
35745 2 0
69761 1 0
18044 2 1
69707 0 2
48178 0 2
67662 0 1
44842 0 2
33976 0 2
14913 1 0
26153 2 0
36254 1 0
22927 1 2
9769 2 1
34703 1 0
18958 0 2
10806 0 2
6359 1 2
19439 0 2
19447 1 0
69734 1 0
46027 2 0
42936 0 2
1814 2 1
6890 0 1
30091 0 2
48517 1 2
39007 2 1
37632 2 0
20476 0 2
34075 1 2
48434 0 1
67678 2 0
6138 1 2
64733 0 2
17423 2 1
3171 1 0
48990 2 1
7703 0 1
64590 2 1
34934 0 1
47990 2 1
57392 2 1
65814 1 2
25565 0 1
44284 1 2
7429 0 1
2115 0 1
33365 2 0
31411 1 2
27870 2 0
7448 2 1
40221 0 2
41611 0 1
59912 0 1
16971 1 0
35950 1 2
30207 2 1
56889 1 2
47508 2 0
47863 2 0
64488 1 0
8362 2 1
5402 0 1
67532 0 2
46693 0 2
42818 0 2
57746 2 0
35279 2 1
5327 0 2
33629 1 0
13948 0 2
31645 2 0
43679 0 2
2095 1 2
48821 0 2
67565 1 0
33857 0 1
65529 1 2
204 2 0
69801 1 0
20560 2 0
18156 0 1
60063 2 0
21394 2 0
41139 2 0
49922 1 0
60872 2 0
69815 1 0
405 1 2
22617 2 0
18965 2 1
35871 2 0
61728 2 0
9973 1 0
66357 2 0
64734 2 0
51043 1 2
25238 0 2
67756 1 0
30145 0 1
4741 1 0
69556 0 1
7989 1 0
48386 0 1
11326 1 2
23754 1 0
46142 0 1
26367 2 1
26055 0 2
45208 0 1
53259 0 2
23720 1 0
51661 0 1
536 1 2
50442 1 0
42190 0 1
54615 0 1
8861 1 2
49914 1 0
37299 1 2
15467 2 1
30036 1 2
4054 2 1
69807 2 1
29594 1 2
28362 1 2
28526 2 0
31829 1 0
21685 1 0
19405 2 0
23439 1 0
31200 1 0
493 1 0
52306 1 0
43760 1 2
8957 2 1
54676 2 0
21292 1 0
62679 1 0
48639 0 1
17580 1 0
1633 0 2
56908 2 1
57572 2 1
51544 2 0
40474 0 1
20780 1 2
41102 0 1
20534 0 1
62529 2 0
60214 1 0
52482 1 2
65954 0 1
2760 1 0
8375 0 2
40643 1 0
29282 2 0
33250 2 1
20819 1 2
37360 0 1
12239 1 0
27364 2 0
42774 2 0
25443 2 0
59576 0 2
16969 1 0
48845 2 0
32913 2 1
16135 0 2
21332 0 2
43422 1 0
10849 0 2
38264 2 1
44947 0 2
17888 0 1
542 2 0
49892 0 1
27310 2 1
46060 1 2
19465 1 0
15146 0 1
18277 2 0
39777 0 2
58072 1 2
63753 2 1
18487 2 0
58625 0 2
47957 2 1
10340 1 2
57056 0 2
56513 2 1
48480 0 1
5250 0 2
1276 2 0
43559 1 0
36423 0 1
9533 1 0
30580 1 2
2352 1 0
47021 1 0
69743 0 1
34011 2 0
14629 1 2
65970 1 2
31554 1 0
19065 2 1
517 1 2
20510 1 0
63538 0 1
53989 0 2
5664 2 0
10963 1 0
1358 1 2
68183 2 1
3932 2 0
13905 0 1
43377 0 2
2503 0 1
22811 2 1
12105 0 1
36114 0 2
7713 0 1
31515 0 2
43061 2 1
18087 1 2
46911 2 1
13532 2 1
37702 2 1
32544 0 1
42499 0 1
21788 2 0
39970 0 2
29126 2 1
39903 1 2
18916 1 2
11478 1 0
43935 1 2
6893 0 1
61720 0 2
22031 1 0
28395 1 0
61505 0 1
57916 1 0
20195 2 0
40885 0 1
69407 1 0
54642 0 2
21014 2 1
60408 2 1
1593 1 0
24207 1 0
31193 0 1
911 0 1
42351 2 0
34176 0 1
4266 2 0
52127 2 1
51232 1 0
42181 0 1
22326 2 1
44213 2 1
210 0 2
10020 0 1
1910 1 2
67467 0 2
28288 0 1
50768 1 2
7020 0 1
26823 2 1
56497 0 1
43750 1 0
4318 1 2
32539 1 2
13415 1 0
52047 1 2
61585 1 0
33362 1 2
35377 2 0
8531 0 2
34184 1 0
6217 2 0
13149 0 2
53129 1 0
52355 1 0
61830 2 1
56015 0 2
59661 0 2
64870 1 0
9632 1 2
68084 0 1
26614 0 2
32057 2 1
25886 0 2
55261 0 2
69894 0 2
49231 0 2
47830 0 2
48520 2 1
26687 2 0
54915 0 2
7961 1 0
6166 1 2
3325 2 1
37965 1 2
39102 0 1
22242 0 2
55536 1 2
56609 1 0
34965 0 2
67688 0 2
62007 1 2
57797 2 1
67433 2 1
12032 2 0
19587 2 1
17808 1 0
6439 2 1
5926 1 0
64047 2 1
56112 2 1
42166 2 0
50565 0 2
62191 0 2
1737 0 1
19625 1 0
15182 1 2
49545 0 2
47406 1 0
7915 0 2
6290 1 2
47467 0 1
32851 0 2
53967 2 0
58219 0 1
28244 1 0
59908 1 0
24292 1 2
28665 2 0
21042 1 0
36395 0 2
773 0 2
46215 2 0
1560 0 2
47626 1 2
2399 1 0
14971 2 1
39691 2 0
43206 1 0
47338 1 2
30703 1 2
44331 2 0
16800 0 2
4337 0 1
41112 0 2
24941 1 0
17586 2 0
51076 0 1
54570 0 2
15380 2 0
10998 0 1
36214 0 1
44960 0 1
39354 0 2
19109 2 1
40956 0 2
20235 2 1
11854 2 1
36530 1 0
68643 1 0
66577 0 1
18918 0 2
50648 1 2
67547 2 0
17570 1 2
39591 1 0
55365 2 0
49356 1 2
55906 0 1
7695 1 2
34781 1 2
23840 0 2
23193 1 0
29355 0 2
6839 0 2
44961 1 2
41098 1 0
51101 0 2
66161 0 2
18209 0 2
43248 2 1
27095 1 0
45623 2 1
27064 0 1
1663 1 2
31214 0 1
17742 2 0
30518 0 2
51817 2 1
62135 1 2
40674 1 2
26640 1 2
43483 1 0
42069 1 2
19039 0 2
63411 0 1
44208 0 2
44410 0 2
25188 1 2
29897 0 2
10136 2 1
37958 1 2
62304 2 1
59719 1 2
6351 1 0
4614 1 0
3766 0 2
41037 0 2
30299 0 2
1087 0 1
57354 2 1
10510 1 2
25243 2 1
62766 1 2
57522 0 2
64370 2 1
51335 0 2
12201 0 2
14602 0 1
41976 1 0
57434 0 2
6367 2 0
24832 0 2
13331 1 0
8044 2 1
60424 2 0
63794 2 0
44165 2 0
24134 1 2
9725 0 2
10527 1 0
6454 2 0
51709 0 2
12430 2 0
6834 2 1
15277 1 2
39878 0 1
50543 1 2
34140 1 0
30369 2 1
17199 1 0
38406 0 2
42587 2 0
66107 2 0
32291 0 1
67334 1 2
49375 1 0
23644 0 2
33977 0 2
27143 2 1
66377 2 1
18576 1 0
6129 1 2
50865 0 1
21796 1 0
23325 1 0
31325 0 2
36820 0 2
14456 1 2
51250 2 1
5834 1 0
28196 0 1
6186 0 1
57496 1 0
42639 2 1
50688 1 0
24840 0 1
68828 1 0
34711 1 0
63042 1 2
14357 1 2
32237 0 1
48813 0 1
30683 1 0
8166 1 2
62112 0 1
14246 1 0
37176 2 1
45361 2 1
24717 0 1
3494 2 1
65086 1 0
18570 2 1
44569 2 1
20010 1 2
10019 1 2
63182 1 2
34000 1 0
159 2 1
44286 1 0
330 0 1
9735 0 2
42342 2 0
28037 0 1
6786 2 1
3535 0 1
37344 0 1
9958 1 0
9686 0 2
61979 2 0
47819 0 1
3558 1 2
38195 1 0
314 2 0
2788 0 2
58478 1 0
36042 0 2
63125 2 0
16696 1 0
13409 1 2
9620 0 1
33015 0 1
61867 1 0
27268 2 1
25357 0 1
36824 2 0
1591 1 0
33017 0 2
18479 0 2
69481 0 1
47108 2 1
19127 2 1
50832 2 1
52467 1 0
43162 2 1
41507 0 1
44753 0 2
50233 0 2
11767 0 2
27281 1 2
14965 2 1
49449 2 0
20736 0 1
38779 1 2
11642 1 2
40035 1 0
5866 1 2
31640 0 1
7382 1 0
60054 0 1
836 0 2
26621 0 2
13160 2 0
25974 0 1
54873 1 2
8162 1 2
57654 1 2
42264 2 1
1662 2 0
37057 1 0
53760 0 1
44288 2 1
41447 0 2
44628 0 1
68620 2 0
11781 1 2
34155 2 0
17680 0 1
37472 0 2
54496 0 1
33020 0 1
42276 2 0
9838 0 2
53273 2 1
32265 2 0
23334 1 2
23735 0 2
67058 0 2
44541 1 2
41710 2 1
42008 1 2
10478 2 0
22552 0 1
22593 2 1
43674 2 0
15103 1 0
13824 0 2
64938 1 2
8630 1 0
23137 1 0
55613 2 1
5962 1 2
47615 1 2
68376 1 2
8057 2 1
66823 1 2
42937 1 2
39995 2 1
36899 1 0
12082 2 0
53316 0 2
9688 1 2
30184 2 0
65916 2 0
49397 2 0
4874 1 2
21215 2 0
19333 0 1
51696 0 2
51651 2 0
68301 1 2
68477 2 0
12193 2 1
42456 0 1
1242 1 0
66859 1 2
59595 2 1
33547 1 0
69461 1 2
46257 1 2
39264 1 2
40226 2 1
52663 2 0
47928 1 0
21803 1 0
212 2 1
65357 2 1
63079 0 1
18740 1 2
57015 1 0
43608 0 2
65038 0 1
885 1 2
35029 1 2
2761 2 0
53011 0 1
20199 2 0
10144 1 0
66405 2 0
64412 2 1
24657 1 2
64903 2 1
22673 2 1
62622 2 0
13568 2 0
46984 2 0
44291 0 1
64096 2 0
48653 0 1
30099 1 0
28513 0 2
33709 1 0
10959 0 1
41453 0 1
66797 1 2
35751 0 1
60321 0 2
50105 2 0
60183 1 2
57815 1 2
21385 0 1
48500 2 0
43082 2 0
43117 1 0
40914 1 2
23384 1 2
48869 2 0
41617 2 1
37687 1 2
25462 2 0
51282 1 2
16458 0 2
20242 1 0
19876 1 0
68167 1 0
16835 1 2
46515 2 1
15705 2 0
60150 2 0
45578 0 2
43681 1 0
40792 1 0
1825 0 2
36202 1 2
55049 2 0
4307 2 1
60592 1 0
12029 2 1
61471 2 0
61714 2 0
50180 0 1
36281 0 1
54595 2 1
51782 0 1
52845 0 1
59012 0 1
5619 2 0
11543 1 0
31494 1 0
5272 0 2
40663 2 1
64027 1 0
18734 0 2
21018 0 2
43160 2 0
60210 0 2
59720 2 0
47854 2 0
64583 0 2
43525 2 1
27550 0 1
44204 0 2
25161 0 2
33570 1 0
21360 1 0
24523 0 1
45195 0 2
62092 0 2
3000 1 2
57026 1 2
22040 1 0
45210 2 1
62460 2 1
59157 1 0
50230 0 2
56084 1 2
40970 2 0
42330 2 0
44070 1 0
58797 1 2
5091 0 1
53289 2 1
355 2 1
27215 2 0
33381 2 0
10440 0 2
37535 2 0
65285 1 0
60993 1 2
65031 0 1
36252 1 2
67342 0 1
52193 1 2
1997 0 1
29611 1 2
39439 1 0
21496 0 1
45900 1 2
43348 0 1
24679 2 0
51917 0 1
52862 0 1
23179 1 0
33847 0 1
17781 2 0
9116 0 1
6889 0 1
49410 2 0
11165 2 0
56755 1 2
48125 1 2
69833 0 2
45236 0 2
52827 0 1
15118 0 2
61596 2 1
25227 0 1
29360 0 2
33681 0 2
36094 2 1
19028 1 2
19471 2 1
38398 1 2
33584 1 0
61158 2 1
31599 0 1
67943 0 1
43603 2 1
67563 0 1
15092 0 1
38476 2 0
62611 0 2
67800 1 0
16187 1 2
64855 2 0
10155 1 0
18516 0 2
52329 0 1
31606 0 2
6060 1 0
53865 2 0
4733 2 1
27228 0 2
65783 1 2
52052 0 1
2521 2 0
54847 1 0
48590 2 0
719 0 2
28522 0 1
29800 0 1
66659 0 2
8502 2 1
58982 2 0
23715 1 0
43236 2 1
20650 0 2
31156 2 1
33653 0 1
43405 1 0
34673 0 1
26859 1 2
63670 2 0
3309 2 1
12078 1 0
8626 2 1
9971 0 1
35268 0 1
18456 1 0
54449 2 1
8290 2 1
49144 0 1
30618 0 1
34807 2 1
16561 2 0
66289 2 0
56179 2 1
64909 2 1
8063 1 2
11705 0 1
67887 2 1
44429 1 0
60324 0 1
63802 0 1
28248 1 0
42550 1 0
40359 2 1
21212 1 2
16942 0 2
33234 0 1
11615 2 1
15141 1 0
53196 2 1
17514 0 1
65570 0 2
24821 1 2
68929 2 0
56268 0 2
22712 2 0
54742 1 2
62385 0 2
56947 2 0
26220 2 0
63945 1 2
47126 0 2
20228 1 0
5288 2 1
2951 1 2
65579 1 0
4116 0 2
36917 2 0
26976 0 1
64440 0 2
37816 0 2
56008 2 1
60014 2 0
9893 2 1
19023 2 0
22649 2 1
6031 1 0
22502 0 2
38141 0 1
58188 0 2
41035 1 0
34404 1 2
1025 1 2
14369 2 1
58727 1 2
45335 0 2
3398 1 2
19142 0 2
9934 2 1
63693 0 2
54744 1 0
65318 2 0
56996 0 2
24756 2 0
9591 1 2
39089 2 1
32009 2 0
14268 0 2
17075 1 2
756 0 1
16047 2 1
23045 1 0
66237 0 1
38167 0 1
33395 0 1
36313 0 2
47637 0 1
34974 1 0
27910 2 1
62407 2 1
35740 1 2
14106 2 1
15906 2 1
4689 1 2
35921 1 2
67738 1 0
2719 2 1
57077 0 2
7243 2 1
15998 1 2
28805 0 2
47362 2 0
67743 1 0
46401 2 0
44558 1 0
48322 2 1
62732 0 1
62127 0 1
16748 1 2
28470 1 2
47159 2 0
35103 1 0
16967 0 2
45663 2 0
7088 0 1
65228 0 2
68170 2 0
17687 0 1
27400 0 1
53491 2 0
38486 2 1
5016 1 0
41869 2 1
32945 2 1
44957 1 0
45222 2 0
28074 2 0
58892 2 1
9166 2 1
2830 0 1
6494 0 2
29590 1 0
11064 1 0
21920 1 0
63120 1 0
62205 1 2
67102 2 1
15647 0 2
5024 0 2
19262 2 1
67001 0 2
48803 2 1
39656 1 0
61128 2 0
51144 0 1
69462 1 2
25235 1 2
13152 2 1
12897 2 1
20804 2 0
4590 1 0
14598 0 1
54802 0 2
7175 2 1
63387 2 0
31345 2 0
9067 0 2
52680 0 1
66278 0 1
39033 0 1
27531 1 0
43564 0 2
6100 0 1
35710 0 2
19220 0 1
39673 0 2
56154 2 0
18023 1 0
22256 1 0
65878 2 0
14130 1 0
53879 0 2
38792 2 1
50002 0 1
18346 0 1
65702 1 0
37367 0 2
37465 0 2
51265 1 2
16094 0 1
35049 1 0
69501 1 0
5391 2 0
27866 0 1
10161 0 2
11971 1 0
57118 0 1
52897 2 1
52291 1 0
33877 0 1
54204 0 1
53696 2 1
36948 0 1
38461 0 2
7197 1 0
10749 0 1
40747 0 1
53180 2 0
42180 2 0
66401 0 2
9215 1 0
26159 2 1
16017 0 2
7082 2 0
4165 0 2
57297 0 2
18195 2 0
35762 0 1
7074 1 0
20326 0 1
1127 2 1
41952 0 2
13382 0 1
61396 1 2
34865 0 2
69328 2 1
36167 2 1
21507 0 2
1472 1 0
28588 0 2
5603 2 1
45801 0 2
3613 1 0
27450 0 1
236 0 1
1804 1 2
21848 1 0
50522 1 0
65043 0 1
40450 0 1
59153 0 1
5132 2 0
48623 0 2
770 0 1
46394 2 0
7058 2 0
67162 2 1
27197 0 2
38295 1 2
55203 1 0
19078 2 1
47506 2 0
23566 0 1
47836 2 0
889 0 2
8233 0 1
49323 0 2
39296 1 2
3549 1 2
5894 2 0
42615 1 2
34309 0 1
2643 1 2
12211 2 0
26780 1 2
60895 0 1
57885 1 2
63068 2 1
54388 1 0
19107 1 0
54997 1 2
25127 0 2
49390 0 2
26950 1 0
60870 1 0
29552 1 0
65494 0 1
37184 1 2
6784 1 0
49801 0 2
65035 2 1
18566 1 0
19424 0 1
61409 2 0
59485 1 2
17368 1 2
60113 2 0
9386 2 1
41232 1 0
48859 2 0
24081 0 1
10264 2 0
48673 0 2
30034 0 1
69029 2 0
68239 0 1
9862 0 1
66106 0 2
7939 0 2
14091 1 2
68115 1 2
54669 1 2
28111 0 2
38092 0 1
31995 1 2
37865 0 1
65524 1 0
39579 2 0
25095 0 2
23186 0 2
49157 0 2
33509 0 2
60463 2 1
17136 2 0
3470 2 1
41194 0 1
69651 2 1
30911 2 1
54887 2 1
53251 0 1
31246 0 2
48665 2 1
31571 1 2
26338 1 0
35121 0 1
69958 2 1
11298 0 2
63500 0 2
31620 2 0
55220 1 2
32074 0 1
66700 1 0
63491 0 1
58964 0 1
62041 0 2
69500 0 2
65332 1 2
13451 0 1
61931 2 0
61783 0 1
43072 2 0
31265 2 1
6469 2 1
58097 1 2
27525 0 2
21087 0 1
8573 0 1
62279 1 0
68412 1 0
45885 2 1
67048 2 0
51021 0 1
43726 0 1
15882 2 0
44766 2 0
48964 1 2
33478 0 1
50212 2 0
25804 1 0
49167 1 0
43811 2 1
17296 2 1
25690 0 1
11569 0 1
7718 2 1
40681 0 2
30696 1 0
43808 0 1
31879 0 1
32110 2 0
41569 1 0
42932 1 2
21784 1 2
29526 2 1
42073 0 1
16328 0 2
28918 1 2
35488 2 0
9601 1 0
50345 1 0
47967 0 2
25221 2 1
50286 1 0
53821 0 2
13792 2 1
3402 0 1
23505 1 0
26997 1 0
22883 0 2
19269 0 2
22247 1 2
68086 1 0
32818 0 2
49861 0 2
12039 0 2
50136 0 1
14911 0 1
9370 2 1
24045 0 2
34983 2 0
35611 2 1
27918 2 1
59104 2 1
58277 1 0
67217 1 2
68834 2 1
25646 2 1
36706 2 0
19499 0 1
2795 2 0
37880 1 2
39766 1 0
36084 2 1
62313 2 1
49059 0 1
69508 0 2
33583 0 1
55202 1 2
51915 2 0
61462 0 1
30524 1 2
10751 0 2
14968 0 1
51908 2 1
49673 2 0
28858 1 2
44760 2 1
51179 1 0
50618 0 2
46317 0 2
3730 2 0
11877 2 1
17046 1 0
66612 0 1
17427 1 0
33727 1 0
26254 1 0
3496 1 0
37212 2 1
56036 1 0
22545 0 1
22824 1 2
13233 1 2
34621 2 0
33970 1 0
53050 1 2
57320 0 2
18928 1 0
67344 0 2
8779 1 0
68492 2 1
53297 1 2
21645 2 0
61614 0 1
28853 0 2
26098 2 0
12446 1 0
42825 2 1
16983 0 2
6536 0 1
19835 1 2
16476 0 2
47245 2 1
53410 1 2
43649 2 0
58469 1 2
61178 0 2
55982 1 0
14578 2 1
25697 1 2
47976 2 1
34649 0 2
66245 1 0
51477 0 1
21257 2 0
42830 1 0
37449 0 2
4522 0 2
41947 0 1
46018 1 2
18460 1 2
51506 1 0
46075 2 1
58993 1 2
45428 0 1
11561 2 0
28813 0 2
42697 1 0
40701 2 1
21872 1 2
44673 0 1
4453 1 0
3898 2 0
54699 1 0
27972 0 1
30136 2 1
45634 1 0
61483 0 1
39812 2 0
68795 2 1
21755 2 1
63542 0 1
4376 1 2
40278 1 0
8230 1 0
18048 0 1
25975 0 1
35701 0 1
8934 1 2
15398 0 2
42497 2 1
67060 0 1
23648 2 0
7498 1 0
11408 2 0
27936 0 2
45550 2 1
37285 1 0
53058 1 2
18511 2 1
28722 0 1
14514 2 0
34291 0 2
31775 0 1
33863 2 0
53190 0 1
9603 0 1
40986 0 1
21958 0 1
27037 0 2
69776 1 0
51006 2 1
53056 2 1
50808 1 2
17497 1 2
43802 2 0
15165 2 1
18641 0 1
52321 2 0
27751 0 2
20743 1 0
16973 2 0
67884 2 1
11239 1 0
31218 1 2
63033 0 1
21448 0 1
7409 2 0
39577 2 1
7314 2 1
16542 0 1
60466 0 2
64155 2 0
18407 1 0
42889 1 2
54636 1 2
22675 0 2
8462 2 1
7911 2 0
34164 1 2
53503 1 0
62618 1 2
60788 1 2
15121 0 2
27897 1 2
15964 1 2
53398 2 1
43335 1 2
2659 0 2
26725 0 1
40810 1 0
31576 0 2
10539 1 2
3417 0 2
18609 1 2
7048 0 1
68029 1 0
44388 1 2
39750 1 0
46121 0 1
3763 2 0
4828 1 2
62131 2 1
35725 1 2
5652 1 2
22284 2 1
18691 1 0
23369 1 0
62616 2 0
18905 0 2
32695 0 2
28411 0 2
549 2 1
53199 1 0
62658 0 1
17694 0 1
26024 2 0
26352 1 0
59655 2 0
49277 2 0
43199 1 0
14758 1 2
59407 1 0
48585 1 2
36332 1 0
46312 2 1
59488 1 0
60092 1 2
50520 2 1
26565 2 1
7968 1 0
2986 2 0
5748 1 0
8995 2 0
27731 1 0
64708 1 0
40369 1 2
54020 2 1
12811 1 0
54833 1 2
66424 0 1
17218 1 0
62278 0 2
34330 2 0
41906 0 1
46460 1 0
57195 1 2
25216 2 1
68746 2 0
35924 1 2
68423 2 1
60620 1 2
33783 0 1
40397 2 1
53100 0 1
65351 2 0
19283 2 1
50500 0 2
44641 1 0
46933 0 1
61163 1 2
529 2 0
17778 1 2
45827 0 1
31641 1 2
28708 2 0
45189 0 1
60025 2 0
25212 1 0
34994 1 2
60799 2 1
35520 1 0
32540 0 2
60355 0 1
9376 0 1
3808 1 0
26699 2 1
10203 1 2
4801 0 2
146 0 2
55828 2 0
61138 0 1
40132 0 1
444 0 2
33680 2 1
27487 1 2
43137 0 1
6473 2 0
13288 0 2
58338 2 1
44017 1 0
49882 1 0
58382 1 0
17234 0 1
39205 1 0
64589 0 1
6317 1 2
1979 2 0
45112 0 1
29197 1 0
27002 0 2
22227 1 2
47983 0 1
23473 2 0
52838 1 0
41231 0 1
57795 2 1
49406 2 0
29728 0 1
4862 1 2
17525 0 1
31248 0 2
36460 0 2
13951 0 2
8267 0 1
48801 1 2
63768 1 0
25069 1 2
23944 0 1
9210 0 2
13428 2 0
64389 2 0
17749 1 2
4082 0 2
29054 1 2
54049 1 2
55587 1 2
30835 2 0
11985 2 1
22991 0 2
19881 2 1
8104 1 2
37774 2 1
21896 2 0
21450 0 2
14688 1 0
46587 2 1
26742 0 2
20508 2 1
5389 2 1
58713 2 1
25010 2 0
21844 0 1
1899 2 0
45048 0 2
26210 1 2
56770 1 0
54005 1 2
20749 1 2
13965 1 2
53933 2 0
17944 0 2
34247 1 2
35748 1 0
66750 0 1
24548 1 0
55682 2 0
55607 1 2
65684 0 2
69111 1 0
2892 0 2
60444 0 2
18867 0 1
37791 2 0
62774 0 1
35866 2 0
50385 0 1
61684 1 0
21672 0 1
43103 2 1
31725 0 1
68432 2 1
5256 0 1
51699 1 0
17458 2 1
15031 1 0
53720 2 0
25146 1 2
59254 0 2
54709 0 2
66916 1 0
49364 2 0
593 1 2
49630 0 2
47647 0 1
14146 1 0
16946 1 0
1780 1 0
38036 2 1
44814 2 1
6051 1 0
13020 2 1
51939 1 2
53370 0 2
56510 2 0
16672 2 1
62829 2 0
21741 2 0
29544 2 0
37008 2 0
35227 0 1
21996 0 2
40024 1 2
23501 0 2
50841 2 0
22370 0 2
7814 2 1
34392 1 0
17509 2 1
67456 1 2
12349 2 1
6853 0 1
68425 0 2
57553 2 1
4475 0 2
9907 0 1
3851 0 1
64329 2 0
17485 1 0
8948 1 0
60849 0 2
14569 2 0
29045 0 2
24751 0 2
40056 1 2
9164 0 1
26085 1 2
5923 2 0
23474 0 2
41215 1 2
68404 2 0
28157 1 2
28346 2 1
24331 2 1
58218 1 2
40307 2 1
51791 2 0
7618 0 2
37759 1 2
48139 2 0
7725 1 0
42291 1 2
29828 1 2
49107 2 1
18308 1 0
69570 2 0
24470 0 1
29165 2 0
9771 0 2
56742 2 0
22908 1 0
55575 0 1
18177 0 1
37983 1 2
40117 0 2
18703 0 1
60645 1 0
41658 0 2
39668 1 2
49850 2 1
41509 0 2
33725 2 0
68536 2 0
56892 0 2
14557 1 0
60898 1 2
33276 2 0
2653 2 1
20853 0 1
60868 2 0
115 1 2
10762 2 0
24108 2 1
15007 2 0
21632 0 1
27746 2 0
14338 2 0
25481 2 1
64946 0 1
47354 2 1
56716 1 0
47216 1 2
19421 1 0
42368 2 1
27282 0 2
25125 2 0
5497 2 0
59692 1 0
37527 0 2
12202 2 1
40208 1 2
16687 2 1
15460 0 2
52485 2 1
53785 1 0
5917 2 1
43770 0 2
62544 1 2
51388 0 2
57309 1 0
4450 2 0
64168 1 0
20531 0 2
57008 0 2
25733 2 1
49095 1 2
5452 1 0
29779 2 1
62387 2 1
69244 0 2
32473 1 2
69855 1 0
22276 2 1
53494 2 1
26801 2 1
39121 0 2
5153 1 2
54849 0 2
52219 1 2
28903 1 0
63283 1 0
43151 2 0
3755 0 2
3467 1 2
13376 1 0
4968 2 0
18631 1 2
65507 0 1
13063 1 2
26551 0 2
1192 2 0
24533 0 1
35305 0 2
25343 1 0
49221 0 1
66214 1 2
64905 1 2
44739 0 2
3585 1 2
10255 2 0
3973 1 2
1575 1 0
16408 0 1
51137 1 0
42495 2 1
33220 1 0
58821 1 0
4106 1 0
28166 1 2
50602 1 2
66683 1 2
18823 2 0
68769 1 2
63371 2 1
4792 2 0
27447 0 1
53264 0 2
11481 2 0
33364 0 2
5223 0 2
29398 2 1
44642 0 2
34307 1 0
57520 0 1
21099 1 0
58123 2 0
65028 2 1
44350 2 0
23928 1 0
55052 0 2
28340 2 1
30212 1 0
40118 0 1
3652 1 0
3267 0 1
36718 0 1
4235 0 2
23160 0 2
61143 0 1
68542 2 0
50708 0 2
23591 0 2
53485 2 0
23451 1 0
26218 1 2
16438 0 1
29529 1 0
12511 0 2
42124 2 1
29133 2 1
10402 0 1
36491 2 1
5927 0 1
67784 1 2
3299 0 2
51196 2 0
22753 1 0
58752 1 0
36510 2 1
2731 1 0
54296 1 0
65852 2 1
2863 0 2
58436 1 2
26954 1 2
56274 2 1
67212 1 0
44196 0 2
48040 2 0
8745 1 2
16944 0 1
61730 1 2
45433 0 1
25496 2 1
12137 2 1
58300 2 1
45854 1 2
55410 2 0
66295 1 0
38317 1 0
61250 2 1
14745 0 1
36570 0 1
9161 0 1
17643 0 1
27570 2 0
44324 1 0
25282 2 1
52965 0 1
69791 2 1
49522 1 0
47257 1 2
1038 1 0
8592 1 2
27493 1 0
11071 1 2
23961 0 2
6273 1 2
31703 1 0
16548 2 0
52865 0 2
22481 1 2
22001 2 0
11840 2 0
50933 2 0
17276 0 1
24728 2 0
6464 1 0
17349 2 1
64716 0 1
68467 1 0
29269 1 2
2533 0 1
26495 1 2
66850 2 1
63912 0 2
14021 2 0
20055 0 2
51633 2 1
12953 1 2
47104 1 0
16975 2 1
41180 1 2
45693 1 2
9404 2 0
27895 1 2
55460 1 2
45226 0 1
55499 0 2
20820 2 1
30834 2 1
37186 2 1
9285 1 0
32333 2 1
45021 0 2
38711 0 1
62410 2 1
23619 1 2
15046 1 0
5672 2 0
43905 0 1
19467 1 0
11470 2 1
43282 0 2
50667 0 1
14420 0 2
17488 2 1
67587 0 1
27875 0 1
46603 1 0
18803 1 0
69629 1 0
30717 1 0
65900 0 1
61001 0 2
58714 0 2
33618 2 1
27386 0 1
3151 2 0
9095 2 1
60026 1 2
18428 1 0
32859 2 0
9952 0 1
22982 2 1
28243 2 1
44351 0 1
34170 0 2
59797 1 0
28731 2 0
37662 1 0
65739 0 2
42183 1 0
58230 2 1
60131 2 0
38488 2 1
14760 0 1
65000 0 1
65247 2 1
27392 2 0
31721 2 1
67148 0 1
7407 2 0
62528 2 1
17155 2 0
51658 0 1
64659 2 0
67615 0 1
52611 1 0
29754 1 2
26807 0 1
29644 0 2
49938 0 1
30867 2 0
988 1 2
33181 2 1
44865 0 1
475 0 2
45451 1 2
7392 1 0
27508 1 0
33740 2 0
69832 1 2
20183 0 1
26999 2 1
60856 2 1
17400 2 1
5027 0 2
38503 0 1
49438 2 1
28753 0 2
6420 1 2
58429 2 1
35810 2 1
50437 2 0
32983 2 0
44609 2 0
69162 2 0
18690 2 1
27292 2 0
9251 2 0
47032 0 2
10876 2 1
35361 2 0
27127 1 2
33762 1 0
13336 0 1
55148 1 0
22743 2 1
17548 0 2
63141 0 1
2435 1 2
43394 1 0
25267 0 1
60921 2 0
51732 0 2
40587 0 1
29709 1 0
10562 1 0
48320 0 2
46902 1 0
47351 0 1
5148 2 1
38523 2 0
3815 1 0
68704 1 0
40868 1 2
63062 0 1
30489 0 1
51319 1 2
51780 2 1
56719 0 2
61565 1 0
30258 2 1
6758 2 1
62371 2 0
53378 1 0
10152 1 2
64588 1 2
28639 2 0
5885 1 2
36372 1 2
39437 1 0
57031 1 2
21874 0 2
28057 1 2
47317 1 0
9013 1 2
61610 2 0
43240 0 1
29283 1 2
25067 2 1
69653 1 0
2037 1 0
5472 0 2
42025 1 0
40987 0 2
4635 2 1
29458 2 0
22199 2 0
19698 0 2
18001 0 2
36724 0 2
47213 0 1
10731 2 0
25567 2 1
15509 1 0
54680 1 2
16551 0 1
50745 0 1
69295 2 0
66053 1 2
58089 1 0
5543 2 0
33144 0 2
66124 2 1
45962 2 0
9199 2 0
60271 1 2
29922 1 2
64891 1 2
34510 1 0
51046 2 0
46125 1 2
33011 2 1
34174 2 1
25078 0 1
6308 0 1
63517 0 2
15354 0 1
8768 0 1
52311 1 2
53284 0 2
13658 2 1
53509 1 0
8204 1 2
46787 1 0
5554 2 0
11050 1 2
42412 0 2
48452 1 2
19638 2 0
23487 1 2
19788 2 1
34996 2 0
45020 0 2
45095 2 1
1532 0 2
33361 0 1
54123 1 2
31429 1 0
47477 2 0
10241 0 2
43551 1 0
31604 2 0
32251 2 0
14022 2 0
60523 1 0
36861 1 0
1759 1 2
19479 1 0
2592 1 2
41314 0 1
43992 0 2
33337 2 1
58502 0 1
23035 2 0
3593 0 1
42052 0 2
44041 1 2
68813 1 0
32323 0 1
24269 2 1
32152 2 0
58975 0 2
49087 2 0
10084 0 2
49127 0 2
32180 2 1
48036 2 1
7451 2 1
26206 0 1
61957 2 1
26563 0 1
59847 2 1
62731 2 1
44335 2 1
2955 0 1
56229 0 2
5921 2 1
62025 2 1
22046 1 2
62956 0 2
67097 0 1
5925 1 0
6681 1 0
14097 1 0
48126 0 1
8648 1 0
28317 1 2
5942 0 1
27261 1 0
19984 2 1
69418 0 2
26462 1 2
19350 1 0
23485 0 1
54558 0 1
10803 2 1
58310 0 2
11808 0 2
10125 2 1
31798 2 1
22784 0 2
33196 1 0
66995 0 1
50060 1 0
51545 0 1
43144 1 2
30546 1 0
8763 2 0
16508 0 2
50465 2 1
7494 0 1
38597 1 2
40488 2 0
30019 0 1
13194 0 2
54081 1 2
66588 1 2
23299 2 0
13795 2 0
50958 1 2
46543 1 0
66775 2 1
26160 0 2
9064 2 1
45612 1 2
14929 1 0
63557 0 1
33757 0 2
46605 0 2
16002 1 2
4978 0 2
8949 2 1
26864 0 1
62267 0 1
56879 1 0
48496 1 2
18910 2 0
65822 2 0
56335 2 0
16804 0 2
65263 1 2
5509 0 2
61724 0 2
47097 1 2
15761 2 0
36080 2 1
9901 0 2
4064 2 0
11033 2 1
18539 1 0
36988 1 2
7222 0 2
25403 2 0
55386 2 0
7421 1 2
10071 1 2
54550 0 1
54645 0 2
20818 0 1
57346 1 2
44249 1 0
15441 2 0
58736 1 2
27232 0 1
24389 1 0
11335 2 0
2778 1 0
19003 2 1
40274 0 1
60384 2 0
32420 1 2
12392 1 0
46202 0 1
13079 1 2
34049 1 0
45793 2 1
26769 1 0
63278 1 0
56251 2 1
68160 0 1
17931 1 0
55088 0 1
28107 2 1
57566 2 1
23333 1 0
45509 1 0
38027 2 0
62965 0 1
51980 2 0
34422 1 0
59033 2 1
55237 1 0
35019 2 0
49872 2 0
15628 2 0
60149 1 0
50310 2 1
20395 0 1
67790 1 2
17775 2 1
2570 2 0
60532 1 2
17836 0 1
37912 0 1
7790 0 1
51387 1 0
12546 2 0
58608 1 2
66980 1 0
20384 0 2
54675 0 1
1963 2 0
63198 0 1
37700 2 0
61370 0 1
64386 0 1
69856 2 0
43195 2 0
26600 2 1
38380 0 1
4713 2 1
8878 0 1
6269 1 0
4313 1 2
11550 0 1
30204 1 0
63338 0 1
261 1 2
5338 0 2
9954 2 0
44039 0 1
19999 0 1
47538 0 1
36400 1 2
55557 2 1
28775 2 1
23957 2 1
46773 0 2
58369 0 2
30633 2 0
61506 1 2
20970 0 2
60983 2 1
22297 2 1
6908 2 1
66561 2 0
28466 0 2
15129 1 2
58824 2 1
49192 1 2
7722 0 1
19642 1 0
62044 0 2
65992 1 2
53748 2 1
15962 1 2
35251 1 0
33301 1 2
52272 2 0
45853 1 0
43289 0 2
60046 2 1
5646 1 0
33672 1 2
20250 0 1
56545 2 0
40842 1 2
62203 1 0
2110 0 2
60259 0 1
13613 1 0
2483 1 2
66691 0 1
15145 0 2
58878 1 0
16649 0 2
68119 2 1
51326 0 2
33047 0 1
2519 2 0
47505 2 0
37454 1 0
23569 1 0
27036 0 2
44557 2 1
58557 2 0
58795 0 2
54327 2 1
32909 1 2
60581 1 0
53218 2 1
9811 2 0
39364 1 0
1492 2 0
55552 1 0
62497 0 2
64012 0 1
33701 1 0
16503 0 1
5688 2 0
36304 0 1
63415 1 2
19294 1 2
7755 0 2
46525 1 0
55721 1 0
43238 0 1
29606 2 1
29311 0 1
47894 0 2
63483 1 0
10171 1 0
60207 1 0
18252 1 2
37483 0 2
48640 2 0
174 2 0
46930 1 0
40716 1 0
19241 0 1
48885 2 0
46063 0 2
1064 0 2
16765 1 2
46263 2 1
38898 0 1
10999 0 1
11636 2 0
1747 1 2
33571 1 2
20778 0 1
26535 0 1
4442 0 2
39380 0 2
59666 0 1
31483 2 1
38144 0 2
20335 0 1
4995 2 1
14362 1 2
54473 1 0
28838 2 1
49841 2 1
36815 2 0
2468 2 1
15745 0 1
15137 1 2
9206 0 2
11452 1 2
25622 0 1
55382 0 1
67081 2 1
8258 1 2
15665 0 2
2816 1 2
54215 2 1
15426 1 2
37761 1 2
20093 0 2
17988 0 1
4491 2 1
11937 2 1
49229 2 1
28756 2 0
22490 0 1
23683 0 2
43769 0 2
51390 0 2
32031 0 1
68313 1 0
8485 0 1
856 0 1
46393 2 0
607 1 2
18328 1 0
14836 0 2
14124 1 2
59633 2 1
32410 0 2
34690 0 2
67831 0 2
674 1 0
39320 1 2
41144 2 0
31717 1 2
26291 2 1
67603 0 1
56503 1 0
59268 1 0
43634 1 2
59937 2 0
23423 2 0
1012 0 1
39289 1 2
66450 1 2
35805 0 1
31718 1 2
42685 1 2
3636 0 1
40408 1 2
50880 0 1
19990 2 0
56451 2 1
60726 1 2
40688 1 0
13357 2 0
19617 0 2
53684 2 1
11954 2 1
59189 2 1
44127 0 1
18240 0 2
51616 2 1
69654 2 1
8099 1 2
46016 0 2
22351 1 2
57476 2 1
59502 2 1
3669 1 0
41544 0 1
36835 1 2
53730 1 0
33958 0 1
9373 0 1
6000 2 0
46890 1 0
32838 2 1
13519 1 2
8020 0 1
4270 2 1
59145 0 1
41832 0 1
44527 2 1
45592 0 1
50774 1 2
19061 2 0
52809 1 2
64748 0 2
8807 0 1
4559 0 2
56447 2 1
28845 0 2
2739 1 2
48305 2 0
11710 2 1
26979 1 0
27786 2 1
43729 0 1
25821 1 0
54326 0 1
11501 2 0
67617 2 1
65911 1 2
27851 0 1
7609 2 0
7162 1 0
55843 0 2
51667 1 0
4651 2 1
60911 0 2
65587 0 1
19808 0 2
49849 2 0
16057 2 0
58158 1 2
8293 0 2
57293 1 0
19369 2 1
2799 0 1
53628 2 1
51268 2 1
50515 2 1
6955 0 2
9275 1 0
342 1 2
63049 2 1
67245 0 1
5780 2 0
9243 1 0
11127 1 0
29342 2 0
49489 1 0
6656 1 0
63766 1 2
43499 0 1
7098 1 0
1164 1 0
40915 0 2
378 2 0
693 2 0
29154 2 0
44959 0 1
11095 1 0
68759 2 0
4947 2 1
59314 1 2
69760 1 2
53280 2 0
49278 1 0
55811 0 1
20300 0 1
63090 1 2
30162 2 0
5889 2 1
9065 0 1
20612 0 1
60807 0 1
62637 0 2
48751 0 1
17918 1 0
23698 1 0
35911 2 0
65555 0 2
58399 0 2
33610 1 2
6741 0 1
41499 0 1
8666 0 2
63786 1 2
25710 1 2
20561 0 1
8202 1 2
47775 1 2
48677 2 0
6369 0 1
56462 0 1
68767 2 1
27615 2 1
27760 2 0
52075 1 2
26947 0 2
41788 2 1
33085 1 2
19666 2 1
62157 1 0
3908 0 2
52152 0 1
69243 1 0
32715 0 1
21866 0 1
39692 2 0
42079 2 0
15304 2 0
12845 0 2
28278 0 2
35402 2 0
31360 1 2
11701 2 1
26973 1 0
64042 1 2
67764 1 2
36014 2 1
33263 2 1
23046 2 0
36315 0 1
54442 1 0
69955 1 2
2722 2 1
58380 0 2
18324 1 2
27670 1 0
15443 1 0
34795 0 2
31975 0 1
35652 2 0
41955 2 0
44091 1 0
57644 0 2
34201 1 0
24093 1 0
21767 1 2
7872 1 0
35300 0 1
9698 0 1
56895 0 1
3038 2 1
15453 1 2
13748 1 0
29199 2 1
42035 1 2
14851 0 1
32551 1 0
46544 0 1
2601 0 1
1305 2 0
29988 2 1
49372 0 1
43548 1 2
245 0 1
42427 0 1
43789 0 1
52933 2 1
46828 1 0
35833 2 1
17896 0 1
15867 1 2
41558 1 0
16664 1 0
26268 1 0
10278 2 1
39357 1 0
38733 0 1
3532 2 1
25022 2 0
51102 0 1
18605 0 2
2775 1 0
5048 2 0
31882 0 2
37300 0 1
23085 1 2
36776 1 0
44972 0 2
310 2 1
12954 0 1
14316 0 2
68450 2 1
5740 1 0
49394 0 2
1190 0 2
17338 0 1
62860 2 0
49568 2 1
11338 2 0
32856 2 0
30948 0 1
29621 1 2
5208 0 1
51274 0 2
465 0 2
52492 2 1
42487 1 2
53702 0 1
62132 0 1
5907 0 2
14901 2 1
41361 0 2
63880 0 2
30838 1 2
67922 1 2
45521 1 0
34274 0 1
33551 1 0
50082 2 0
26044 0 2
45158 0 1
43994 2 1
42234 1 2
18708 1 0
52539 1 0
49615 1 0
40469 1 0
33218 2 0
68311 2 1
18307 1 0
5680 0 1
4686 1 0
43255 1 0
5830 0 1
34708 2 0
19015 1 0
31011 0 1
52212 0 2
24103 0 1
49010 1 2
40057 1 2
65583 2 0
57063 2 1
42944 2 0
52463 1 0
26641 0 2
5229 0 1
12573 0 1
16724 0 1
9177 2 1
61113 1 0
40030 2 0
9545 2 0
32630 0 2
83 0 1
50304 1 0
69151 0 1
8355 0 2
5066 1 0
66709 1 0
35027 2 1
7267 1 2
26237 2 1
61781 0 2
42411 1 0
21041 2 0
59832 0 1
26526 2 1
24557 1 2
64352 0 1
52374 1 0
53225 1 2
19875 0 2
42153 2 1
37049 2 1
37946 2 1
43104 2 0
44153 1 2
21407 2 0
60671 0 1
66360 1 2
19890 2 1
21969 1 2
64547 1 2
46304 2 0
15843 2 1
29669 2 1
11070 2 0
47219 0 1
15820 2 1
51557 2 0
22445 0 1
34541 2 0
16660 0 1
57928 0 1
63067 2 0
48285 2 0
15321 1 0
52021 1 0
49968 1 0
56739 0 1
58416 2 1
22050 0 1
8289 1 0
18337 0 1
7769 1 2
1116 2 0
60361 2 0
8772 1 0
36661 1 0
60401 2 0
63501 1 0
12443 2 0
23495 2 0
32286 2 0
59017 2 1
4497 1 0
37188 0 2
65378 0 1
33222 0 2
29535 1 0
11513 2 1
37428 2 1
16192 0 1
42643 0 1
25296 0 2
51558 0 1
27707 0 2
49518 2 0
47264 2 1
13542 0 1
68362 2 0
46141 0 1
31643 2 0
35455 0 1
41918 1 2
45130 1 2
13985 2 1
52337 1 0
47318 2 1
48038 0 1
2947 1 2
24823 0 1
60455 2 0
7148 2 1
6820 2 0
30097 2 1
6522 0 2
22472 1 0
56234 2 1
37179 2 1
40478 1 0
68220 1 2
41885 1 0
30124 2 0
18730 2 1
2550 2 0
1163 1 2
32177 1 0
50041 0 2
17794 2 1
37578 0 2
67075 0 1
43967 2 1
23773 1 2
6636 1 0
1174 1 0
59395 0 1
38577 0 1
54430 2 1
22984 2 1
4322 0 1
1249 2 0
60160 0 2
65986 2 1
7555 2 1
59510 0 2
67299 1 0
4259 2 0
8419 2 1
5763 1 2
20845 1 0
3068 1 2
68145 0 2
66765 0 1
28812 0 1
11155 2 1
61601 1 2
19658 1 2
46826 0 1
57047 0 1
37104 1 2
33024 2 1
32013 2 0
16812 2 1
69475 1 2
14228 1 0
15233 0 2
39791 0 2
54089 0 1
16665 2 0
847 1 0
33896 2 0
42965 1 0
56757 1 0
7397 0 2
42407 0 2
64409 0 2
18091 1 2
62832 0 2
53626 2 0
37370 0 1
59771 0 1
59906 2 1
62577 1 0
41895 0 1
55756 0 2
65642 2 0
65551 2 1
63672 2 0
59393 1 2
34306 0 2
24554 1 2
33980 1 0
69206 0 2
37081 2 1
43831 0 1
40242 2 1
28324 0 2
3622 1 0
26187 2 0
13533 2 0
34371 1 0
41784 0 1
37825 0 2
68247 2 0
68038 1 0
57589 2 1
21797 0 2
16091 1 0
25649 2 1
56722 1 2
20544 2 1
45653 2 0
37652 0 2
10524 2 1
45522 0 1
32990 0 2
62989 2 0
62684 1 2
58773 0 2
45515 0 1
23291 1 0
16558 2 0
33491 2 0
30669 0 1
2349 1 2
5344 0 2
44442 0 2
29150 2 1
47226 2 0
59333 0 1
34886 2 0
3358 0 1
64090 1 2
39633 1 0
43465 1 2
28198 2 0
28167 0 1
63761 1 0
30912 1 2
19209 0 1
20722 1 2
46936 0 2
35050 2 1
62574 0 2
46177 0 2
14775 0 1
60158 1 2
2726 1 0
21127 2 1
47300 0 1
37966 0 2
49368 1 0
30067 2 0
59245 1 0
55082 0 2
55873 1 0
12646 2 1
8421 2 0
40018 0 2
44482 1 0
4441 2 1
48742 2 0
45164 2 1
14898 1 2
15639 2 1
34761 0 1
34595 2 1
27622 1 0
789 1 2
60249 1 0
29019 2 1
20849 2 0
38484 0 2
23702 0 2
69361 2 0
60541 2 0
12686 0 1
42918 2 1
12154 2 1
62802 2 0
53517 2 0
66837 1 0
6448 0 1
43294 1 0
33464 2 0
57697 0 1
15688 0 1
44930 1 2
9465 0 2
39547 0 2
32282 2 0
61313 2 1
39270 0 2
36490 0 1
9799 2 0
28769 1 0
53446 1 2
27418 1 0
23771 1 2
19851 1 0
64144 0 1
57321 0 2
44222 2 1
48368 1 0
21819 2 1
44860 1 2
24573 1 0
5278 0 1
53294 1 2
57700 0 2
49291 0 1
4028 2 1
37401 0 2
12231 1 0
10325 0 1
21022 2 0
1672 0 2
31612 1 2
13743 0 1
52424 2 0
17231 2 0
33764 0 1
27245 2 1
8701 0 2
28974 2 0
29878 0 1
24802 2 1
39827 2 1
56235 2 0
25838 1 2
5841 2 0
69531 0 2
9010 1 0
57323 0 1
38821 2 0
58427 0 2
45157 2 0
32785 0 1
50279 0 1
226 1 0
41474 1 0
55481 1 2
61988 2 0
50045 0 1
65593 0 1
69844 0 1
15126 0 1
39189 2 0
17248 1 2
46714 0 1
68532 1 0
43605 0 2
19159 1 2
29308 1 2
67684 0 2
54253 0 2
55 1 0
24278 1 0
11921 1 2
36128 1 2
18274 2 1
49030 2 0
40346 0 2
10506 1 0
43940 1 0
21574 0 1
39487 2 0
57762 0 1
66160 1 0
27656 1 0
43265 0 1
44026 2 1
41576 2 1
24481 1 2
69948 1 0
2614 1 0
60256 1 0
66170 2 0
29468 0 2
32949 2 1
53719 2 1
16084 0 1
47043 1 0
6782 0 2
39072 0 1
56666 1 2
57390 1 2
36420 2 0
44818 0 1
4292 2 1
24536 0 1
68048 0 2
58177 2 1
64526 0 2
22948 2 1
12473 1 2
22873 0 2
66159 2 0
13355 1 0
6629 0 1
51818 0 1
68242 0 1
23894 2 0
39366 0 2
99 2 0
8285 2 1
44943 1 2
10933 2 1
2303 2 1
64116 2 1
19528 0 1
3984 2 0
2281 1 0
10779 1 0
6506 2 0
33470 2 0
13819 1 0
15787 0 1
3804 1 2
23713 2 0
61068 2 1
54779 0 1
32483 0 2
52521 2 1
28321 0 1
32970 1 2
25355 1 0
63671 1 0
1089 0 1
57932 0 1
3925 0 1
47331 2 1
13773 0 1
65417 1 0
30894 1 2
22979 0 2
53007 1 0
69187 0 2
66143 0 1
66587 1 0
54130 1 2
15342 2 1
23711 2 0
30528 2 1
60653 0 2
52771 1 0
23237 2 1
4856 0 1
12315 2 1
38427 2 1
14772 2 1
24302 2 1
41253 0 1
16382 0 2
27013 1 0
4549 2 1
13231 0 2
69971 0 1
64461 1 0
34445 2 0
15797 2 1
7296 0 2
15452 1 0
54098 0 2
51041 0 1
10463 2 0
57276 0 1
34780 0 2
41046 2 1
44134 2 1
57237 1 0
9158 2 0
22324 0 2
43578 0 1
58424 1 2
9885 0 2
50539 0 2
65270 2 0
14669 1 0
5458 2 1
50069 0 1
69134 2 0
65412 1 2
60502 2 1
26509 2 0
16182 2 0
57892 2 1
51426 2 1
37204 2 1
48636 2 0
52907 0 2
809 1 2
18397 1 0
10260 1 2
36421 0 2
18419 2 1
5588 0 2
7221 1 0
38285 1 2
6341 1 0
55653 2 1
8882 0 2
51419 0 1
21709 0 1
30903 0 2
58980 2 1
39690 2 1
51511 2 0
17274 2 1
5618 0 1
6793 0 1
58536 2 0
62877 0 1
44333 2 1
10277 1 0
51676 1 2
54707 0 1
41021 2 0
10069 1 2
36048 0 2
15720 1 2
24450 2 1
29205 2 0
8546 0 1
39450 0 1
23372 1 0
21004 1 2
55337 0 1
31069 1 0
50377 1 2
37815 0 2
32560 2 0
62481 1 2
17259 0 1
56720 1 0
60489 1 2
1995 1 2
18501 0 1
17729 2 1
8217 2 1
68980 1 0
66055 2 0
36860 1 2
62375 2 1
3992 0 2
63123 1 2
45644 1 0
39100 1 0
53138 0 1
64422 2 0
41342 0 2
29145 0 2
1631 2 1
32346 1 0
40993 0 2
14283 1 2
46737 2 1
54919 1 0
31333 0 1
32546 0 2
62718 2 0
63998 1 0
51087 1 0
47138 2 1
65670 2 0
61326 2 0
53086 0 2
26480 0 1
52726 2 1
49978 0 1
8325 0 2
48300 0 1
34631 1 0
40249 0 2
10073 1 0
67558 2 1
62090 0 1
21354 0 1
64871 0 1
44066 2 1
13733 0 2
42161 1 0
8048 1 2
1815 1 2
4138 2 0
38909 1 2
12838 0 1
66634 1 0
28144 1 0
36916 0 1
30368 0 2
65327 2 0
41063 1 2
22253 2 0
50132 2 0
48667 1 2
64417 0 1
34159 1 0
68389 2 0
41864 2 0
65731 1 0
21573 2 1
44502 0 2
6727 0 1
62706 0 1
60341 1 2
2234 0 2
36015 0 1
41083 2 1
40029 0 2
42625 1 0
66379 1 0
62586 1 2
15701 0 1
67824 1 0
3339 1 2
29100 0 2
54425 0 2
65376 1 0
7180 0 2
14151 1 2
66177 0 1
67187 2 1
62001 1 0
16902 2 0
52660 1 0
22014 1 0
18961 0 2
12074 0 2
61633 2 1
23623 2 1
45596 2 0
4556 1 0
35936 0 1
53574 2 1
29600 0 2
58611 0 1
25823 0 2
58202 1 2
52113 1 0
40299 2 1
67546 2 0
61625 1 0
61654 2 1
69322 0 1
2007 0 2
51949 0 1
28489 0 1
8856 2 0
40322 2 1
1459 0 2
57253 1 2
45654 0 2
45480 1 0
25204 0 2
66388 0 1
69376 1 2
36907 0 1
44487 1 2
34732 2 0
55131 0 2
49571 1 0
11112 2 0
63745 1 0
36127 1 0
35897 2 1
33477 2 1
2224 0 1
54401 0 1
44277 0 2
25226 0 1
54741 2 1
14764 0 1
47482 0 2
43896 1 0
26642 0 2
31251 1 0
2586 2 1
1294 1 0
69028 1 0
38330 2 1
43228 1 0
15842 2 0
66387 2 0
26376 2 0
16316 0 2
54332 1 2
16900 2 0
56567 2 1
51075 2 0
64551 1 2
15359 0 2
64183 0 1
55907 1 0
61789 2 1
37013 0 2
53543 0 2
55523 1 2
326 0 2
20652 0 1
55272 1 2
39687 2 0
67726 0 1
43670 1 0
35859 1 0
45022 2 1
33409 2 1
27120 2 0
66117 1 2
8 1 0
52077 1 2
7951 1 2
59400 0 1
16582 2 1
43859 2 1
14042 1 2
58002 0 1
14058 2 0
19780 1 2
17925 2 1
34962 2 1
56561 2 0
65055 1 2
52868 1 0
51182 2 1
12679 2 1
20621 1 0
56491 1 0
25996 1 2
1610 1 0
2405 0 1
62656 2 1
29223 0 1
49501 1 2
12083 0 1
18027 0 2
4208 2 0
40364 0 2
37225 0 1
20000 0 1
40090 2 0
23606 0 1
57157 1 0
46493 1 2
55796 0 1
30608 2 0
38936 2 0
11998 2 1
9818 1 0
40493 1 2
61922 0 2
27336 2 1
17765 0 1
44639 1 2
2287 2 0
13318 2 0
41908 2 0
369 2 0
20112 1 2
20604 1 0
63846 1 2
41890 1 2
29936 1 0
49306 1 0
19504 1 0
16956 2 0
1767 1 2
20681 1 2
2591 1 0
58669 1 2
22356 0 1
53329 2 1
41448 0 1
49746 0 2
69085 2 1
15077 2 0
7043 2 0
4219 1 0
27850 1 2
1924 2 0
9527 2 0
33718 2 1
43393 2 1
57575 2 0
6083 2 1
15249 1 2
26167 0 2
63386 2 0
43448 2 1
65672 2 0
29039 1 2
16178 2 1
49653 1 2
21660 0 2
44481 1 0
8799 2 0
64224 0 2
47019 2 0
62437 1 0
2084 1 2
37058 2 1
11535 0 1
38943 0 2
16067 0 2
28529 0 2
11253 2 0
56963 2 0
8094 2 1
53076 0 1
66205 2 1
14100 1 2
14467 2 0
6456 2 0
28779 1 0
11255 2 0
56348 0 1
31772 0 2
65631 2 0
17880 2 0
30925 2 0
42474 0 2
54450 0 2
28465 1 0
15743 0 1
37990 0 1
29404 1 0
61018 0 1
5937 1 2
47386 1 2
10043 0 2
60067 1 0
67804 1 0
5379 0 2
23284 0 1
67632 1 2
22330 2 1
67849 2 0
40440 1 2
7190 1 0
49217 0 2
57439 2 1
1128 1 2
60644 1 0
66663 0 2
39779 1 2
1084 0 1
35479 0 2
69123 0 1
36855 0 1
37418 1 2
51787 0 2
8064 1 2
32496 0 1
45024 0 2
9780 2 1
63265 1 0
67950 2 1
40596 0 2
19705 0 2
56467 0 2
45472 1 2
20956 0 1
56977 0 1
51647 2 0
65625 0 1
26944 2 1
2821 2 1
15888 1 0
12020 0 1
3623 0 2
5545 1 0
2717 2 1
59352 1 2
53554 2 1
43673 0 2
5216 1 2
14763 2 0
82 1 2
18875 2 0
59870 1 2
2896 2 1
44862 1 2
64790 2 1
20725 2 1
1224 1 0
37744 1 0
42428 1 0
50980 1 2
64121 2 1
41345 0 2
49895 0 1
47276 1 2
51091 2 1
20285 1 0
36962 2 0
69307 2 1
14481 2 1
22821 2 1
14524 2 1
60924 1 0
16841 1 2
18347 1 0
55256 1 2
26353 1 2
41765 1 0
39463 0 2
69460 0 1
59850 2 1
16024 1 2
64343 0 1
26225 1 0
5040 0 1
13623 1 0
58044 1 0
554 1 0
55462 0 1
60170 2 1
59402 0 1
46558 0 1
4580 1 0
40071 0 1
10299 1 0
35194 0 2
52995 0 1
9951 2 1
52943 2 0
44317 1 0
19376 1 2
47472 2 1
18719 2 0
62590 0 1
10655 2 0
39274 0 1
863 1 2
36601 2 0
25236 1 0
2137 1 0
61678 2 1
51572 1 2
42026 1 2
46516 1 2
10903 2 1
51262 2 1
47784 1 0
29591 0 1
32447 2 1
61618 1 2
39233 0 1
30722 1 2
10914 1 2
44276 2 1
24875 1 0
64535 1 0
48938 0 1
69564 0 1
64952 2 0
13205 1 2
61437 0 2
28880 2 1
38557 0 1
42651 0 1
10950 2 1
32309 1 0
49680 0 1
32125 1 0
20658 2 1
1868 0 2
67365 2 1
41462 2 1
60507 0 1
23182 2 1
35619 2 1
33806 0 2
49958 2 1
7127 1 2
27074 1 0
33499 0 2
16170 0 2
38941 2 0
10045 1 2
5567 1 2
46451 2 0
52051 0 1
2710 0 1
56295 2 0
40212 1 2
57636 1 2
69102 2 1
67573 1 0
55574 2 1
53815 0 1
32417 0 1
52883 0 2
51167 0 2
57414 1 2
11826 1 0
26626 0 2
63968 0 1
4452 1 2
24202 1 0
69547 2 0
35711 1 0
42146 0 2
18518 1 0
68240 0 1
35256 2 1
60181 1 0
14749 0 1
62004 2 0
47653 2 1
22930 2 0
45401 2 0
41203 0 1
41501 0 1
9597 0 2
64963 2 0
22639 0 2
19408 2 0
19829 1 0
3306 0 2
5357 1 2
12188 1 0
65766 2 1
3444 1 2
14134 2 0
69129 0 2
51191 1 0
58563 0 1
63635 1 0
45542 1 2
45293 2 0
9942 2 1
69930 1 2
42140 1 2
62570 2 1
59093 2 1
25699 2 0
14695 2 1
36499 1 2
55926 0 1
31282 1 2
45142 2 0
23959 0 2
18254 1 2
54245 1 0
68212 1 0
6756 1 0
44831 2 1
49377 0 2
38108 1 2
29514 0 1
10047 1 2
26087 2 0
43015 0 1
24155 1 2
59818 0 2
35722 2 0
1104 1 0
21111 1 0
48865 2 0
65053 1 2
9468 2 1
43445 0 1
57642 0 1
69676 0 2
65109 0 2
64533 2 0
67413 0 1
66910 0 1
46043 0 1
31880 2 0
18572 1 0
59148 2 0
57308 2 1
66462 2 1
43337 2 1
36889 0 1
1709 0 2
57579 1 2
22453 1 0
52069 1 2
49927 1 0
26364 1 2
52565 0 2
58841 2 1
20209 1 2
12850 2 0
65526 0 2
24910 1 0
10659 2 0
27412 2 1
51681 2 0
27182 1 0
60612 0 2
21047 0 1
52107 2 1
55592 2 0
7418 1 0
48425 1 0
25477 0 2
54015 0 2
20287 0 1
17536 1 2
9036 0 1
67041 0 2
36445 0 2
39269 1 2
14820 0 2
47363 0 2
51404 1 0
59083 2 1
63543 2 1
5179 1 2
27794 0 2
48569 1 2
16520 1 0
63367 1 2
18557 2 1
16931 1 2
13599 2 0
41740 2 1
27226 1 2
68983 0 1
47470 2 0
40501 0 2
58757 0 1
48628 2 0
3621 0 1
14818 1 0
13953 1 2
41169 0 1
19349 1 0
45563 0 2
46002 0 2
52249 2 1
38305 2 0
68131 2 0
17005 0 2
13127 1 0
17159 2 1
62266 2 1
4438 2 1
9105 2 0
62856 2 1
15934 1 2
53792 0 2
57284 0 1
69469 0 2
58740 1 2
3493 0 2
5984 2 1
30270 2 0
31262 1 2
53860 1 0
38591 1 2
36088 1 0
43972 0 2
69511 0 2
67633 1 2
11140 1 0
20893 1 0
67339 0 2
41992 1 2
56390 0 1
44937 0 1
20364 1 0
62690 1 0
45169 2 1
16979 2 1
33425 2 0
57955 0 1
55436 0 2
55531 1 0
36778 0 1
44454 1 2
26066 2 1
18312 2 0
1865 1 0
23345 0 2
13841 0 1
59077 1 2
3802 1 0
69414 1 2
27093 2 1
37219 1 2
41637 1 0
28719 2 0
23610 2 1
65056 2 1
38293 0 1
12745 0 1
65599 0 1
36787 0 2
46973 2 0
16145 0 1
14726 0 2
19266 1 2
28527 1 2
44605 2 0
55169 2 0
6046 2 1
51878 2 1
51642 2 0
23016 0 1
66042 1 2
57732 1 2
12170 1 0
7164 0 1
9840 0 1
4073 0 2
63393 2 0
48933 1 0
57837 1 2
56218 2 1
16053 2 0
35809 2 0
25120 2 1
23650 2 1
34427 2 0
23020 1 2
38729 1 2
24955 1 2
25937 0 1
12255 1 0
5083 2 1
48335 0 1
68805 0 2
38409 1 0
33389 0 1
67813 0 1
7037 2 0
64635 0 2
44368 0 2
28174 1 0
5595 1 0
43793 2 0
3610 0 1
6236 0 1
33874 2 1
38636 1 0
55239 0 2
8677 2 0
60638 1 0
48923 0 2
35980 0 2
44542 1 2
65528 1 2
26636 0 2
17221 1 2
18263 2 0
6930 1 0
51188 0 1
42917 2 1
54626 1 2
40426 2 0
11994 1 2
15229 0 2
35167 1 2
54637 0 1
39911 0 2
64614 0 2
8713 1 0
32822 2 0
3894 0 2
26002 0 1
42529 0 2
13051 1 2
8872 2 0
48193 1 0
6207 0 1
32834 0 2
5626 2 0
16711 2 1
67566 2 1
28942 0 2
59142 2 1
35475 2 0
61085 0 2
21925 2 1
62663 1 2
19694 1 0
46650 1 2
51279 0 2
28866 2 1
25399 0 1
38107 0 1
39157 0 1
59904 1 0
18971 1 2
609 0 1
13548 0 1
43065 1 0
24116 0 1
35821 1 0
55662 1 2
30257 2 1
41272 2 1
6156 0 1
16532 0 2
66794 0 2
64540 0 2
46358 1 2
3119 0 1
12409 0 1
69193 2 1
3792 2 1
19765 0 1
24956 2 1
8607 2 0
53822 1 0
59007 0 2
32255 0 1
2365 1 0
29946 2 1
3616 0 1
31770 1 2
22880 2 0
3232 1 0
49541 0 1
60961 1 2
6132 0 1
23211 0 2
46278 1 2
68483 1 2
51162 2 1
47143 2 0
54757 2 0
45371 1 2
24862 2 0
58854 2 1
62381 2 1
8641 0 2
37641 1 2
18017 0 1
60130 2 0
33782 0 1
65194 0 2
52379 2 0
61206 2 1
11697 2 1
26736 0 1
10096 2 0
45823 2 1
35580 0 2
42483 1 2
65223 2 1
30479 1 2
14887 1 0
59016 2 1
37171 2 1
34777 1 0
15099 1 0
24611 2 0
21772 2 0
66941 1 0
51942 1 2
59360 2 1
54196 1 0
65620 1 2
58336 0 1
13569 0 2
59893 1 2
60482 1 2
63208 2 0
18560 1 2
50799 0 2
7153 1 2
43740 1 0
3376 0 2
21289 2 0
64832 2 1
61161 1 2
67953 1 2
8611 1 2
24018 1 0
18973 2 1
68280 1 2
33257 0 2
62698 0 1
449 1 0
31397 2 0
49396 1 0
65268 2 1
3754 2 1
4345 0 2
26427 0 2
18260 1 0
12860 0 1
30269 2 1
47682 0 1
51214 2 0
3516 0 1
4827 2 0
1332 2 1
68843 0 1
25440 0 1
39196 1 0
8234 1 2
8315 1 2
40104 1 0
11631 1 0
5570 2 0
223 1 0
45651 1 0
19225 1 0
1603 0 2
49187 2 1
5522 2 1
27885 0 1
22729 0 2
57621 2 1
62100 1 0
40994 0 2
62744 0 1
33267 2 0
27101 1 2
7710 2 1
21456 2 1
49924 1 2
61677 0 1
53018 1 0
7223 0 2
1934 0 2
12360 0 2
48303 2 1
50831 0 1
6732 2 1
69256 0 1
33683 1 0
8557 2 1
30418 2 0
58643 1 2
55776 0 2
63451 2 0
30122 0 2
36685 0 2
68705 2 1
51277 2 1
60536 1 0
22939 2 0
48758 2 0
63588 0 2
11244 2 1
21823 0 2
40713 2 1
36879 2 0
46686 0 1
265 0 2
66742 0 1
13674 1 2
39106 1 0
37793 0 1
18556 2 1
45797 1 0
17275 2 0
47948 0 2
43821 2 1
9547 0 2
16132 1 2
58825 2 1
5286 1 0
45706 1 0
33722 2 1
18715 0 2
27343 1 2
8292 1 0
40194 1 0
16425 0 1
55930 0 1
43922 2 1
38565 1 2
45754 0 2
53930 2 0
13970 1 0
64552 1 2
33504 2 1
47929 2 1
61723 0 1
3861 2 1
46282 2 0
27315 1 2
7632 0 1
15278 2 0
1881 1 2
41255 2 1
48124 2 0
45036 2 1
273 2 0
33690 2 0
20710 2 1
49016 1 0
57686 0 1
2667 0 2
24758 2 1
62699 0 2
58349 2 0
3112 0 1
54328 0 1
17341 2 0
66655 2 0
11224 2 0
61876 2 1
23593 2 1
23083 1 2
47101 1 2
46597 1 0
18182 2 0
48772 1 2
68880 0 2
60527 1 2
41413 1 0
1733 0 2
57810 2 0
43000 0 2
48142 1 0
17120 0 1
49838 2 1
38332 2 0
19488 1 2
11057 0 2
44716 1 0
19641 2 1
8672 1 0
61359 0 1
3065 1 2
40575 0 2
41177 1 2
8580 0 2
20714 1 0
25315 1 2
47233 0 2
13259 0 1
10613 2 1
35487 2 1
2671 0 2
42545 0 1
16421 1 0
26169 1 2
14047 0 1
40890 2 1
29585 1 2
9351 1 2
21399 1 2
24381 2 0
47240 0 1
15765 0 1
11682 2 0
43996 1 0
27246 2 1
6486 0 2
62272 1 2
57046 1 0
54200 0 2
58921 0 2
11084 1 2
24 2 0
42717 2 1
68400 2 0
58947 1 2
27741 1 2
2275 2 0
6631 2 0
51516 2 0
11198 0 1
51025 0 1
31520 2 0
57793 1 0
24358 1 0
35290 0 2
17520 2 0
197 0 1
34031 2 0
32207 2 0
57311 2 0
66442 1 0
36356 1 0
12852 0 2
48900 2 0
31887 2 0
68954 2 0
42745 1 2
38767 2 0
9558 2 1
32386 2 0
39497 1 2
7894 2 1
5426 1 2
12908 1 2
39589 1 2
48718 2 0
47510 1 0
50677 1 0
67783 1 0
69270 0 1
52817 2 0
67305 1 2
2350 2 1
55328 1 2
43285 0 2
54989 2 0
62477 0 2
55248 0 2
60768 0 1
14277 2 0
2402 0 1
53315 1 2
36529 1 2
27649 1 0
455 2 1
62179 1 0
8013 2 1
21609 2 1
60702 1 2
63315 1 0
12027 1 0
42539 2 0
27608 2 0
4880 0 2
27901 0 2
134 1 0
35088 1 2
62068 2 1
34868 2 1
18599 1 0
27229 1 2
9195 1 0
41444 2 1
37629 2 0
37887 2 0
19971 0 2
41051 1 0
15772 2 0
14111 1 0
48176 1 2
41067 0 1
11356 1 0
61110 0 2
67266 0 2
37907 1 0
38323 1 2
60488 1 2
32884 1 2
40401 0 2
63481 2 1
38302 0 2
50005 2 1
36298 0 2
29595 0 2
12352 0 1
49450 1 2
62914 0 2
49719 2 1
49676 0 2
41737 1 2
1879 2 1
51994 1 0
16248 0 2
58620 2 1
17723 2 0
26672 0 2
53974 2 1
1770 0 1
18055 2 0
32390 1 2
54651 0 2
64281 0 2
45107 2 0
37554 2 1
53874 0 2
31972 0 2
42518 2 0
19001 1 2
33219 1 0
33457 0 1
64978 0 1
43768 1 2
40527 1 2
26831 1 0
68168 2 0
4967 0 1
1256 0 1
4609 0 1
31105 1 2
177 1 2
15466 1 0
17860 2 1
51173 0 1
45378 0 1
33637 0 2
29523 0 1
56407 0 1
60680 0 1
37177 0 2
68099 2 0
28207 1 0
3055 2 1
38693 2 1
65160 1 2
30461 1 0
13656 2 1
55449 2 0
16959 1 2
67207 1 2
30795 1 2
37278 0 1
62479 2 1
13468 1 0
56149 2 1
48567 2 1
64899 2 0
3649 1 0
28614 1 0
35074 2 1
65514 2 0
6697 2 1
2941 2 1
36641 2 0
29244 0 1
19287 1 2
68255 0 1
1562 2 0
9851 1 2
22881 2 1
39143 2 0
14039 2 0
67652 0 1
23151 2 1
23443 1 0
35723 0 2
58817 1 2
18451 1 0
9451 1 0
47376 1 0
24198 1 2
30453 1 0
40173 2 1
15410 0 1
62429 1 0
61032 0 2
2371 2 1
66890 2 0
62151 0 2
44836 0 1
18808 2 1
42872 2 0
32117 1 2
748 1 0
58723 2 0
4329 0 1
61176 1 0
29250 2 1
14110 1 0
29341 0 2
13180 1 0
15250 0 1
36588 2 0
50717 0 2
18226 1 2
54286 0 1
68248 1 2
20701 0 2
60165 0 2
58598 1 0
37001 1 2
26952 1 2
61790 2 1
35506 0 2
40069 2 1
17849 1 0
6551 2 1
59978 1 2
43685 2 1
63937 0 2
22950 2 1
30756 2 1
22548 1 2
27065 2 1
46631 0 2
8499 0 2
55201 2 1
8951 2 1
22636 2 1
62720 2 0
50503 2 0
66078 0 1
51398 0 2
67768 1 0
38206 0 1
9212 2 1
35500 2 0
59965 0 1
6610 2 0
28841 1 0
25488 2 0
27984 2 1
708 0 2
38088 0 1
19192 1 0
62628 1 2
57798 0 2
43925 2 1
13635 2 1
20264 1 2
52752 0 1
69441 2 0
39120 2 1
47770 2 1
46165 0 1
50121 2 0
56144 2 1
10486 0 2
49526 0 2
42203 2 1
67022 0 2
64741 1 2
61732 2 0
26562 1 2
66782 0 1
22106 2 1
18155 0 2
4636 1 0
68277 1 2
46102 1 2
37063 1 0
4042 0 2
43671 0 1
45680 0 2
61275 2 0
12518 2 0
40612 1 0
56006 1 2
858 1 2
28540 0 2
19460 1 0
37786 0 1
7131 2 0
32986 1 2
29840 1 2
64057 0 2
10836 2 0
58631 0 2
213 0 1
3219 0 1
69406 0 2
47766 1 0
45033 1 0
55101 1 2
41812 0 2
54224 1 0
13563 0 2
9529 1 0
28175 1 2
7117 2 0
12752 2 1
26618 2 0
20870 1 2
4582 2 0
45905 1 0
45274 2 0
11471 0 2
54639 0 1
31608 2 1
61091 0 2
45018 0 2
55877 2 1
28794 2 1
21353 1 2
23494 0 1
37899 0 2
6892 1 0
879 1 0
66917 2 0
1716 0 2
20577 0 2
54638 2 0
62210 2 0
6272 0 2
1307 1 2
58489 1 2
