66507 1 0 2
1075 0 1 2
5807 0 1 2
3534 2 0 1
64130 2 0 1
20628 1 0 2
31110 1 2 0
13346 2 1 0
23601 0 1 2
15318 1 0 2
62359 2 1 0
24819 1 0 2
44037 1 2 0
19062 2 0 1
37964 1 2 0
45784 0 2 1
4297 1 0 2
21151 0 2 1
42981 1 0 2
12138 1 2 0
27259 1 0 2
660 2 0 1
54348 2 1 0
5912 1 0 2
52504 2 1 0
32212 1 2 0
39103 1 2 0
5268 2 1 0
2447 0 2 1
25317 0 1 2
39031 1 2 0
48624 2 1 0
408 1 2 0
8411 1 2 0
2065 1 2 0
357 2 1 0
165 2 0 1
64687 0 2 1
25321 0 1 2
60476 2 0 1
26146 2 0 1
30863 1 0 2
13628 2 0 1
34861 1 0 2
56564 2 0 1
1851 2 0 1
48426 0 1 2
10133 1 2 0
55267 2 1 0
32915 2 0 1
10967 1 0 2
44008 2 1 0
2885 0 2 1
31409 2 0 1
34024 2 0 1
65027 1 2 0
24214 1 0 2
62581 1 0 2
66490 2 0 1
10768 0 2 1
26709 1 2 0
28906 2 0 1
41158 1 2 0
60597 2 1 0
46378 1 2 0
31582 2 1 0
19495 0 2 1
18878 1 0 2
37068 1 0 2
43038 2 0 1
50277 1 0 2
33811 0 2 1
29117 1 2 0
52725 0 2 1
21204 0 2 1
19056 1 0 2
9261 1 0 2
51040 1 0 2
22233 1 0 2
43755 1 0 2
67257 0 2 1
63648 0 1 2
37882 0 2 1
67957 2 1 0
27161 2 0 1
26329 2 0 1
17552 1 2 0
46753 1 0 2
54831 0 2 1
8368 0 2 1
28985 0 1 2
42955 0 1 2
50396 2 0 1
37147 0 2 1
36781 2 1 0
4358 2 1 0
44073 0 2 1
22591 2 0 1
23913 2 1 0
16906 2 0 1
15812 0 2 1
31569 2 0 1
4660 0 1 2
26581 2 0 1
18266 2 0 1
36417 2 0 1
54373 1 0 2
31493 1 0 2
54148 0 1 2
64636 1 2 0
44658 0 2 1
166 0 2 1
47077 2 0 1
41336 0 1 2
12163 2 0 1
33296 2 1 0
16336 0 2 1
2822 1 0 2
38871 0 1 2
53229 1 2 0
17235 1 2 0
24831 1 2 0
21188 1 0 2
46743 0 1 2
52705 0 1 2
3394 1 0 2
33056 1 0 2
34387 2 1 0
16063 0 1 2
55241 0 1 2
12880 1 2 0
63280 1 0 2
24681 1 0 2
18381 1 2 0
65341 0 2 1
36360 1 0 2
12272 0 2 1
7300 2 0 1
32332 2 0 1
66410 0 2 1
3471 1 0 2
17112 2 1 0
47885 0 1 2
14298 1 0 2
57241 1 2 0
50536 2 0 1
2344 2 0 1
52942 2 0 1
39195 0 1 2
6749 1 2 0
13497 0 1 2
33797 0 2 1
20256 1 2 0
36231 1 2 0
26842 1 2 0
27488 0 1 2
65964 0 1 2
18594 0 2 1
41283 2 1 0
53204 2 1 0
6 1 2 0
67592 0 1 2
9380 0 1 2
35974 2 1 0
4971 2 0 1
42042 0 1 2
65280 1 0 2
23128 1 0 2
55310 2 0 1
11575 1 0 2
16500 2 0 1
55344 0 2 1
24988 1 2 0
13535 1 0 2
50296 1 2 0
33145 2 0 1
7224 2 0 1
41514 2 0 1
47846 2 0 1
28520 0 2 1
40272 1 0 2
47583 2 1 0
46975 0 2 1
24025 0 2 1
41725 1 2 0
11145 0 2 1
51982 1 0 2
65881 0 2 1
4040 1 2 0
3279 1 2 0
55160 1 0 2
12642 1 2 0
31968 2 1 0
14107 2 0 1
17236 1 0 2
21860 0 2 1
66120 1 2 0
13925 1 0 2
48570 0 2 1
12705 0 2 1
23161 0 2 1
22130 0 1 2
23862 1 2 0
21072 1 2 0
59729 1 0 2
61407 2 1 0
51322 0 1 2
65336 1 0 2
11524 1 0 2
62579 1 0 2
27584 1 0 2
15033 2 0 1
62680 2 0 1
48389 2 0 1
32740 1 0 2
8385 2 0 1
1004 0 2 1
52215 0 2 1
18440 0 2 1
47907 1 0 2
62817 2 0 1
64781 1 0 2
12084 0 2 1
17069 0 1 2
37893 0 2 1
44931 2 1 0
35353 1 0 2
36017 2 0 1
21653 1 0 2
58100 0 2 1
4385 2 1 0
37487 1 2 0
68974 0 1 2
56332 2 1 0
68393 2 0 1
50322 0 2 1
57842 1 0 2
57613 2 0 1
40866 0 1 2
40776 0 2 1
22640 1 2 0
28806 1 0 2
12015 2 0 1
54565 2 0 1
20889 0 1 2
47837 2 1 0
19847 0 1 2
7200 2 1 0
68618 0 1 2
24114 1 2 0
44978 2 0 1
38862 0 2 1
25019 1 2 0
10775 1 0 2
52978 0 2 1
151 0 2 1
36451 1 0 2
69821 1 0 2
48333 1 0 2
63765 2 0 1
29010 0 1 2
3146 0 1 2
24992 0 2 1
56740 2 0 1
68003 1 2 0
12190 1 0 2
62370 1 0 2
28128 2 1 0
12543 2 1 0
41984 1 0 2
57261 0 1 2
29847 0 2 1
38126 0 2 1
49442 1 0 2
47410 0 1 2
12773 1 0 2
31646 1 0 2
35258 2 0 1
1131 1 2 0
67019 0 1 2
47524 2 0 1
32407 1 2 0
31637 0 1 2
5259 0 1 2
63035 2 0 1
6173 2 1 0
17733 2 0 1
13178 2 0 1
59630 0 1 2
43763 2 1 0
37254 2 0 1
54058 2 0 1
20479 1 0 2
44657 0 2 1
46465 0 1 2
38299 1 0 2
19904 1 2 0
69101 0 1 2
57180 1 2 0
58916 2 0 1
4022 2 1 0
29321 0 1 2
19119 0 2 1
61921 1 0 2
50231 2 0 1
30537 2 0 1
52613 2 1 0
31780 0 2 1
20180 2 0 1
39804 1 2 0
20952 2 1 0
25920 1 0 2
32100 1 0 2
887 2 0 1
10767 0 1 2
9965 0 2 1
45348 1 2 0
10124 0 2 1
47393 1 0 2
63567 2 0 1
51333 0 1 2
11097 0 2 1
54260 2 0 1
57197 2 0 1
59553 0 2 1
56823 1 0 2
64058 1 0 2
18527 2 1 0
2353 1 2 0
8971 1 2 0
64518 1 0 2
59998 0 1 2
63907 0 1 2
66291 1 0 2
32864 2 1 0
35110 2 0 1
44483 0 1 2
18788 2 1 0
16373 0 1 2
33537 0 1 2
25342 1 0 2
11193 1 0 2
64953 1 2 0
11059 0 1 2
27756 2 0 1
61754 0 2 1
31835 0 2 1
43175 2 0 1
52514 1 2 0
38059 0 1 2
62707 2 0 1
5563 0 2 1
12042 2 1 0
36412 1 2 0
46204 2 1 0
3350 2 0 1
27088 2 1 0
11774 0 1 2
56675 0 1 2
61681 1 2 0
62008 1 2 0
33421 2 0 1
17028 0 1 2
8576 1 0 2
68712 1 0 2
3983 2 1 0
3993 0 1 2
25018 1 2 0
57979 0 2 1
55562 1 2 0
43629 1 0 2
41785 1 0 2
63351 1 2 0
51969 1 2 0
52225 2 1 0
19052 1 0 2
39685 0 1 2
53338 0 1 2
55407 0 2 1
6285 1 0 2
67436 2 0 1
12147 0 2 1
35638 0 2 1
62085 0 2 1
1966 2 0 1
60804 2 0 1
4243 1 2 0
13181 0 1 2
54652 1 2 0
67834 1 0 2
32816 1 0 2
12765 2 1 0
38217 2 1 0
19401 1 0 2
51885 0 2 1
23261 0 2 1
3853 2 1 0
63555 0 2 1
7931 1 0 2
6333 1 2 0
15693 2 0 1
2794 1 2 0
55511 0 1 2
14152 0 2 1
32028 1 0 2
12088 0 1 2
29421 0 2 1
61039 1 0 2
38531 0 2 1
34891 0 1 2
55893 2 1 0
19603 2 1 0
23532 2 0 1
38774 1 2 0
13525 1 0 2
44079 1 2 0
20857 2 0 1
28463 2 0 1
36901 0 2 1
43421 2 1 0
16585 2 0 1
56708 2 1 0
50452 1 0 2
57076 1 0 2
51639 0 1 2
41545 0 1 2
1408 1 2 0
22298 2 0 1
22897 0 2 1
22527 0 1 2
8682 2 0 1
17337 2 0 1
64441 1 2 0
14346 0 1 2
43035 1 0 2
31996 0 1 2
57326 0 2 1
39837 1 0 2
37594 2 0 1
14526 1 0 2
15561 2 1 0
4645 0 2 1
55643 0 2 1
42622 1 0 2
17632 2 0 1
44132 0 2 1
19708 1 2 0
23572 0 2 1
56912 1 2 0
41173 0 1 2
48557 2 0 1
47668 1 0 2
68108 2 1 0
47283 1 2 0
29290 1 0 2
13574 1 2 0
361 0 2 1
59144 1 2 0
45292 0 2 1
16144 2 1 0
9462 1 0 2
30927 2 1 0
63723 0 1 2
10627 2 0 1
3366 0 2 1
18929 0 2 1
50858 1 0 2
5963 1 0 2
751 2 0 1
34501 1 0 2
67744 0 2 1
36479 0 2 1
49754 1 2 0
35463 1 2 0
65751 0 2 1
25301 2 1 0
39971 0 2 1
52747 0 2 1
30333 2 1 0
33952 2 0 1
34223 0 1 2
67639 0 1 2
6521 1 0 2
9152 2 1 0
29227 0 2 1
140 2 1 0
55414 1 2 0
53345 1 2 0
59110 1 0 2
33228 2 0 1
36533 2 0 1
25020 2 1 0
57356 0 1 2
31679 2 0 1
32726 2 1 0
56374 2 0 1
48982 1 0 2
41238 0 2 1
55851 1 0 2
40944 0 2 1
59259 0 1 2
42148 1 2 0
20380 2 0 1
43273 0 2 1
26566 0 2 1
40162 0 2 1
24961 0 2 1
40683 1 0 2
22887 2 1 0
55878 2 1 0
44266 0 1 2
36930 1 0 2
17976 1 0 2
25640 2 0 1
6264 1 2 0
21719 2 0 1
39412 1 0 2
57060 2 0 1
10285 0 2 1
58477 1 2 0
44330 1 2 0
15297 2 1 0
45884 1 2 0
39992 0 2 1
20103 1 2 0
24222 1 2 0
61958 0 1 2
54126 1 2 0
13373 1 0 2
45598 0 2 1
49589 0 2 1
30678 1 0 2
5397 1 2 0
35792 1 2 0
43213 2 1 0
55422 0 1 2
41625 2 0 1
26671 1 2 0
35295 2 1 0
42395 2 1 0
19697 2 1 0
58244 1 0 2
22844 0 1 2
43776 1 2 0
621 1 0 2
14835 2 0 1
49998 0 1 2
33266 2 1 0
37151 2 1 0
10887 2 1 0
35334 1 0 2
49657 2 0 1
7568 1 2 0
5589 1 2 0
40533 2 1 0
69560 0 1 2
2909 1 2 0
25170 2 0 1
11254 1 2 0
38086 1 0 2
32330 1 2 0
11599 0 2 1
60412 2 0 1
46771 2 0 1
1955 0 2 1
10868 0 2 1
54201 2 0 1
3452 0 1 2
56415 0 1 2
64823 0 2 1
34168 2 1 0
43536 0 2 1
69644 2 0 1
35311 1 0 2
11926 0 2 1
49718 0 2 1
6428 2 0 1
47834 1 0 2
39794 0 1 2
4149 1 2 0
30890 1 2 0
4647 0 2 1
15421 2 1 0
11634 1 2 0
8433 2 1 0
44550 1 2 0
9510 2 0 1
36667 2 1 0
31663 1 0 2
62118 1 2 0
53379 1 0 2
26464 1 2 0
34812 1 2 0
1161 2 1 0
4159 2 1 0
66497 0 1 2
49092 2 1 0
28640 1 2 0
51315 0 2 1
30799 2 0 1
8897 0 2 1
59669 0 1 2
23330 0 1 2
5766 0 2 1
36036 2 1 0
57453 1 2 0
45446 2 1 0
67852 1 2 0
2232 0 2 1
2334 0 2 1
51121 1 2 0
20037 2 0 1
45457 1 2 0
22149 1 0 2
11308 2 1 0
9827 1 0 2
36908 1 2 0
69900 0 2 1
12299 0 1 2
61055 0 2 1
53081 2 1 0
21488 1 0 2
3672 0 1 2
67720 2 1 0
31030 1 2 0
63438 1 0 2
35591 0 2 1
57961 1 2 0
22774 1 0 2
62483 2 1 0
46606 2 0 1
31192 0 2 1
61590 2 1 0
64300 1 2 0
572 0 2 1
9481 0 2 1
2154 2 0 1
14259 1 2 0
10591 1 0 2
62241 0 2 1
43850 0 2 1
39249 1 0 2
12787 1 2 0
30358 1 0 2
1990 1 0 2
65725 2 0 1
20922 2 0 1
23373 2 0 1
22741 1 0 2
27884 1 2 0
62982 1 0 2
54025 1 2 0
55743 0 2 1
40859 0 1 2
12131 0 2 1
68437 0 2 1
24648 2 0 1
13274 1 0 2
4602 0 2 1
25117 0 1 2
41931 1 0 2
17051 0 2 1
17923 2 1 0
65608 2 1 0
52547 2 0 1
29275 0 2 1
63310 1 2 0
64647 2 0 1
5466 0 1 2
67788 0 1 2
9225 0 2 1
39817 0 2 1
39740 0 1 2
24388 1 2 0
29389 1 0 2
9784 0 2 1
4300 0 2 1
17797 1 0 2
35277 1 0 2
68840 1 0 2
35907 2 0 1
35133 2 0 1
46342 2 0 1
49391 2 1 0
60861 2 0 1
46146 1 0 2
66825 1 2 0
13080 0 1 2
395 0 2 1
42833 2 0 1
44296 2 0 1
39509 2 0 1
66966 1 2 0
67341 2 0 1
14403 2 0 1
7239 2 1 0
68659 0 1 2
61953 1 0 2
35332 2 1 0
53447 2 0 1
14910 0 2 1
6030 1 2 0
43727 2 0 1
60885 1 2 0
60121 0 1 2
35235 2 1 0
24662 1 0 2
50953 0 1 2
61962 2 0 1
15853 2 0 1
34126 2 0 1
30409 2 0 1
6068 2 0 1
38618 0 1 2
537 2 0 1
10926 2 1 0
14248 2 1 0
17193 2 1 0
42238 2 0 1
8956 2 1 0
11498 1 0 2
55649 0 2 1
53569 1 0 2
36405 0 1 2
58115 2 1 0
68434 2 1 0
51715 1 0 2
35550 2 0 1
59885 0 1 2
36488 2 0 1
33142 0 1 2
36296 2 1 0
28186 2 1 0
9433 0 2 1
12981 2 1 0
25509 0 1 2
45512 1 0 2
61290 2 1 0
52696 1 0 2
37520 0 2 1
27804 2 1 0
32066 1 2 0
37499 2 0 1
36756 0 2 1
66341 2 0 1
21410 0 2 1
67791 1 2 0
5628 1 2 0
55147 0 1 2
779 1 0 2
1176 1 0 2
664 0 1 2
6544 1 0 2
21079 0 2 1
69604 0 2 1
19850 1 2 0
34193 1 0 2
48761 0 2 1
12095 2 0 1
23024 1 0 2
35345 2 1 0
2122 2 0 1
27434 2 1 0
3511 0 1 2
20586 0 1 2
47955 1 0 2
33452 1 0 2
16917 0 2 1
12993 0 1 2
69070 2 1 0
57906 2 1 0
34764 1 2 0
1264 2 1 0
28630 1 0 2
67762 1 2 0
58654 0 1 2
17693 0 2 1
51546 1 2 0
4844 0 2 1
14095 1 0 2
54080 0 1 2
65324 1 2 0
20141 1 0 2
61515 2 1 0
29991 2 1 0
45046 0 1 2
26839 2 1 0
56193 0 2 1
21501 0 2 1
25712 1 2 0
29648 1 2 0
28385 2 0 1
64013 1 0 2
14122 2 0 1
48508 2 0 1
62271 2 0 1
31630 1 2 0
10003 2 1 0
5049 0 1 2
50540 2 1 0
14367 2 0 1
24385 0 1 2
24871 2 1 0
55669 1 0 2
9917 2 0 1
3675 1 2 0
31481 2 1 0
17862 0 1 2
24890 2 0 1
13863 1 2 0
23351 0 2 1
21973 2 1 0
2924 0 2 1
62369 0 2 1
26067 2 1 0
49690 1 0 2
15750 2 0 1
33442 2 0 1
32784 2 0 1
54868 0 2 1
43659 2 1 0
39198 2 1 0
22389 2 1 0
9300 0 1 2
16849 0 2 1
42849 2 0 1
65540 0 1 2
12150 2 0 1
63362 0 2 1
18785 0 1 2
21005 1 0 2
21843 1 2 0
20530 0 2 1
60427 2 0 1
50560 2 1 0
44251 0 2 1
18744 2 0 1
57216 1 0 2
58007 2 0 1
44007 2 1 0
60407 1 2 0
27674 0 1 2
27368 1 2 0
44221 0 1 2
24703 2 0 1
30110 2 1 0
27139 1 0 2
32426 2 0 1
62990 1 0 2
43644 2 1 0
6299 2 1 0
933 0 2 1
36041 0 2 1
50962 2 1 0
26574 2 1 0
45380 2 0 1
57917 2 1 0
40463 2 1 0
28122 2 0 1
15089 2 0 1
9183 0 2 1
1795 0 1 2
11316 0 2 1
29604 1 2 0
5758 2 0 1
25002 2 1 0
4765 2 1 0
48352 0 2 1
23192 0 2 1
29837 1 2 0
24309 1 2 0
61033 1 2 0
68874 1 0 2
35276 2 0 1
11036 0 2 1
45573 0 2 1
52168 0 2 1
6002 1 0 2
13785 1 0 2
59370 1 2 0
66225 1 0 2
36154 1 2 0
40870 0 2 1
29396 1 0 2
46612 2 0 1
30294 1 2 0
11208 0 2 1
43170 2 1 0
64426 2 1 0
37730 1 0 2
23450 2 1 0
16035 1 2 0
65765 1 0 2
30933 0 2 1
1846 0 2 1
31701 0 1 2
24242 0 1 2
24459 0 2 1
5046 1 0 2
19838 1 0 2
12373 0 1 2
53093 2 0 1
41548 0 1 2
38787 0 2 1
7635 2 1 0
51108 0 1 2
9176 2 1 0
38017 1 2 0
45631 1 2 0
41771 2 0 1
25621 1 2 0
62691 2 1 0
60998 2 1 0
61320 0 1 2
9173 0 2 1
58890 2 1 0
1606 2 1 0
47862 2 1 0
52848 0 1 2
55275 0 1 2
14382 2 1 0
46584 0 2 1
40745 2 1 0
54445 1 0 2
28886 2 0 1
58093 1 2 0
69929 2 1 0
40724 0 2 1
49422 0 2 1
49915 2 1 0
32576 1 2 0
4125 1 2 0
30874 0 2 1
48138 0 1 2
27068 1 2 0
50464 1 0 2
26126 2 0 1
32438 2 0 1
15336 1 0 2
4802 0 2 1
25385 0 1 2
19484 1 2 0
11382 0 2 1
15915 1 0 2
21524 2 0 1
9754 1 0 2
45337 1 0 2
30641 2 0 1
29369 1 0 2
45344 2 0 1
16801 2 1 0
46740 1 0 2
40568 1 2 0
38119 0 1 2
48664 2 1 0
31635 0 1 2
32663 0 2 1
7929 1 2 0
57677 0 2 1
61465 2 1 0
12334 2 1 0
17784 2 0 1
23529 1 2 0
51116 0 1 2
12795 1 0 2
38176 0 1 2
15805 1 0 2
38763 0 2 1
7903 1 0 2
11207 2 1 0
22644 2 0 1
11967 1 2 0
32690 0 2 1
59035 2 1 0
1306 0 1 2
3033 0 1 2
30637 0 1 2
40836 1 0 2
58963 0 1 2
17585 2 0 1
14652 0 2 1
14592 0 2 1
23731 0 2 1
58326 1 2 0
57185 1 0 2
13882 2 1 0
19512 2 1 0
23514 1 0 2
56085 1 2 0
62258 2 1 0
63887 0 1 2
33284 2 0 1
4363 1 0 2
23856 0 1 2
65796 1 2 0
69649 0 2 1
8324 1 2 0
14294 2 1 0
29762 1 0 2
60565 1 2 0
47419 1 0 2
22346 2 1 0
66134 2 0 1
31450 1 2 0
58931 1 2 0
36986 0 1 2
27800 1 0 2
36083 0 1 2
13097 0 1 2
58694 0 1 2
16950 1 2 0
13425 1 0 2
3286 2 1 0
38549 0 2 1
262 2 1 0
67987 1 0 2
59001 0 2 1
31195 2 1 0
42967 0 1 2
6763 2 1 0
64703 2 1 0
58407 0 2 1
16092 0 2 1
46136 1 2 0
8574 0 2 1
52673 2 1 0
24543 0 1 2
13849 0 1 2
38469 0 2 1
56373 0 1 2
54429 1 2 0
25302 1 0 2
59730 0 2 1
15584 0 2 1
23742 0 1 2
57232 0 1 2
54454 0 2 1
14207 2 0 1
44861 0 2 1
19304 0 1 2
11907 2 1 0
18666 1 2 0
65786 1 2 0
57322 0 1 2
60464 0 1 2
22846 2 0 1
48358 1 0 2
44373 2 1 0
36032 1 2 0
51495 2 1 0
21337 0 2 1
733 1 0 2
21904 0 1 2
30790 2 0 1
54790 1 2 0
28924 2 0 1
47106 1 2 0
8844 1 2 0
1320 1 2 0
50622 1 0 2
67319 1 2 0
63212 2 1 0
25634 1 0 2
43676 2 1 0
45837 2 1 0
47199 2 0 1
61784 2 1 0
56672 1 2 0
38814 2 1 0
13303 1 0 2
57660 0 2 1
49896 1 2 0
48077 2 1 0
58638 0 1 2
60285 0 2 1
42070 1 0 2
9947 0 1 2
65944 2 1 0
17961 0 2 1
3726 2 1 0
14199 1 2 0
45219 1 2 0
46742 0 2 1
66603 2 1 0
52927 1 2 0
46589 1 0 2
119 0 1 2
40424 1 0 2
17191 0 1 2
61466 0 1 2
36234 1 2 0
19016 0 2 1
13224 1 0 2
8598 1 2 0
42662 1 2 0
63112 2 1 0
24891 1 2 0
19772 0 1 2
47462 0 2 1
31793 0 2 1
37789 0 2 1
48499 0 1 2
64432 0 2 1
5386 0 1 2
26354 1 0 2
50963 2 0 1
66233 1 2 0
22589 1 0 2
60144 1 2 0
59757 2 1 0
31451 2 0 1
43361 0 2 1
56737 0 2 1
46891 2 0 1
18629 1 0 2
29000 0 2 1
66666 0 2 1
22587 0 1 2
7882 2 1 0
58493 2 1 0
10175 1 2 0
41657 1 0 2
54318 1 0 2
10635 0 2 1
715 2 1 0
43223 2 0 1
30821 0 2 1
33961 1 2 0
1053 0 1 2
48663 2 0 1
68149 2 0 1
10422 1 0 2
2471 2 0 1
32408 0 1 2
2414 1 2 0
46077 2 0 1
44796 1 2 0
34281 0 1 2
58225 2 0 1
39448 0 1 2
8587 0 1 2
34578 2 1 0
25173 1 0 2
13551 1 0 2
33383 1 0 2
47012 2 0 1
15011 1 2 0
15266 0 2 1
67249 2 1 0
49333 0 2 1
68326 2 0 1
16839 0 1 2
63511 2 1 0
25817 2 0 1
32371 0 2 1
60395 2 1 0
23164 1 0 2
59760 1 2 0
38208 1 0 2
33174 1 0 2
48871 1 0 2
6750 0 1 2
60888 2 0 1
3906 0 1 2
65273 2 0 1
41490 1 0 2
20343 0 1 2
6670 1 2 0
38288 1 0 2
31680 2 1 0
16601 1 2 0
65789 2 1 0
64117 0 2 1
30588 1 2 0
50567 0 2 1
21595 0 1 2
28882 1 0 2
26201 2 0 1
17271 0 2 1
10781 0 1 2
66100 2 1 0
61705 2 0 1
65104 2 0 1
23823 0 1 2
8069 1 0 2
6487 2 0 1
67098 0 2 1
57164 1 2 0
33445 2 1 0
9368 2 0 1
21503 0 1 2
7771 1 0 2
58781 1 2 0
28003 2 0 1
65927 1 0 2
20888 1 2 0
16481 2 1 0
50056 2 1 0
54455 2 0 1
24975 1 0 2
49017 0 2 1
8481 0 1 2
7526 1 2 0
34435 0 1 2
54535 0 2 1
67277 0 2 1
53347 0 1 2
35775 2 0 1
49536 1 2 0
59101 2 1 0
40093 1 0 2
31530 0 1 2
20365 0 2 1
13815 0 1 2
26964 0 2 1
64550 2 0 1
22168 0 1 2
59119 0 2 1
33845 2 1 0
58856 0 1 2
44572 2 1 0
5134 1 0 2
242 2 0 1
67085 1 2 0
34424 1 2 0
60649 2 1 0
23190 2 1 0
53690 2 0 1
17787 2 0 1
25609 2 0 1
66162 0 2 1
29316 0 2 1
64114 0 1 2
23767 2 0 1
8896 1 0 2
49793 2 0 1
53209 2 1 0
68262 2 0 1
56162 0 1 2
47237 1 2 0
65206 1 0 2
5045 0 1 2
20962 0 1 2
12924 1 0 2
36583 1 2 0
5121 1 0 2
54102 0 1 2
40841 0 1 2
45952 2 1 0
37618 0 2 1
16853 1 2 0
3195 1 2 0
54794 1 0 2
33429 0 2 1
6862 1 2 0
16048 0 1 2
46375 2 0 1
965 2 0 1
30572 2 1 0
32355 1 2 0
69639 0 1 2
3241 2 0 1
32887 0 2 1
53523 0 1 2
60555 1 0 2
10564 1 2 0
53901 2 1 0
44189 2 1 0
26205 2 1 0
47989 2 0 1
11418 0 2 1
8536 1 0 2
15520 2 0 1
43704 2 1 0
38688 2 0 1
58209 0 1 2
40928 1 0 2
39543 1 0 2
7645 2 1 0
28253 0 2 1
43181 1 2 0
9812 1 2 0
65459 2 0 1
17041 0 1 2
34694 1 0 2
12438 2 1 0
32214 1 0 2
46053 1 0 2
32805 1 2 0
15937 1 0 2
60713 0 1 2
15732 2 1 0
29578 2 0 1
43099 1 0 2
66404 0 2 1
58538 1 0 2
8068 1 0 2
53335 0 2 1
5310 2 1 0
46734 0 2 1
42064 1 0 2
41439 0 2 1
25490 0 1 2
19066 2 0 1
14746 1 0 2
17181 2 0 1
30201 1 0 2
30813 2 1 0
34393 2 0 1
38006 1 2 0
54437 2 0 1
15903 0 2 1
30455 1 0 2
28332 0 2 1
31786 1 2 0
58018 1 0 2
11104 0 1 2
21531 2 1 0
17014 1 0 2
60585 0 2 1
13873 0 2 1
19083 1 2 0
21152 0 1 2
34590 0 2 1
4829 1 2 0
64717 2 1 0
64904 1 2 0
38530 2 1 0
68848 0 2 1
57457 0 2 1
17158 1 2 0
3687 1 0 2
47911 2 0 1
7581 1 0 2
32912 0 1 2
13289 0 1 2
16215 0 1 2
4200 1 0 2
975 2 1 0
23461 1 2 0
56352 1 0 2
38120 2 0 1
51905 0 2 1
34108 1 0 2
42533 1 0 2
12018 2 1 0
64028 2 0 1
30370 1 2 0
23770 1 2 0
44637 1 2 0
2631 0 2 1
64724 2 0 1
16864 2 0 1
54034 2 1 0
37468 1 2 0
24042 1 0 2
69750 2 1 0
43471 1 0 2
17738 1 0 2
43803 1 2 0
859 0 2 1
57941 0 2 1
50920 2 1 0
41823 0 1 2
29012 0 1 2
67545 1 0 2
4298 0 2 1
17656 2 0 1
65423 1 0 2
4727 1 0 2
58786 2 1 0
61523 0 1 2
50840 0 2 1
19009 0 2 1
45350 2 1 0
19095 2 1 0
14370 2 0 1
18042 2 0 1
36359 1 0 2
26634 1 2 0
67932 2 0 1
54799 2 1 0
69975 1 0 2
13645 1 0 2
48958 2 0 1
17321 1 2 0
32748 1 0 2
48273 1 0 2
50316 2 0 1
5796 2 0 1
14413 1 2 0
37485 1 2 0
45032 1 2 0
48256 0 1 2
16169 2 1 0
40393 0 1 2
64118 2 0 1
42003 1 2 0
55749 2 1 0
60061 2 1 0
34347 1 2 0
29990 2 1 0
20894 1 0 2
51029 0 1 2
6637 2 0 1
24360 2 0 1
13919 0 1 2
64107 2 0 1
11398 1 0 2
26673 0 1 2
68143 2 0 1
11770 2 1 0
48413 1 0 2
44696 2 0 1
15907 2 0 1
4761 2 1 0
7080 1 0 2
49177 2 1 0
49800 0 1 2
44584 1 2 0
35883 1 2 0
41393 2 0 1
42812 2 1 0
9357 1 2 0
47735 2 1 0
23929 0 1 2
31785 1 2 0
12633 2 1 0
54598 2 0 1
68582 0 2 1
7660 2 1 0
7108 1 2 0
41829 0 2 1
4 2 1 0
54806 0 1 2
34391 2 0 1
54294 2 0 1
68853 2 0 1
19677 1 2 0
22354 1 0 2
11403 0 2 1
65500 1 2 0
28508 2 0 1
16940 0 1 2
9793 1 0 2
23645 1 2 0
1768 2 0 1
10477 2 0 1
3437 2 1 0
21759 1 0 2
63233 0 1 2
67841 0 2 1
53808 0 2 1
2082 0 2 1
63699 1 2 0
20798 1 2 0
8124 0 1 2
67880 2 0 1
20716 1 2 0
27142 1 0 2
63163 0 2 1
14116 2 0 1
49011 0 1 2
1989 0 2 1
43375 0 2 1
28142 2 0 1
65536 1 2 0
30940 2 1 0
51708 2 1 0
29548 0 1 2
25707 0 1 2
32085 2 0 1
69241 2 0 1
66333 2 0 1
13454 1 0 2
34506 1 0 2
184 1 2 0
19998 2 1 0
38954 0 1 2
52821 1 2 0
68789 0 2 1
59124 1 0 2
26327 2 1 0
61104 0 2 1
22835 1 0 2
23452 2 0 1
25572 2 0 1
5724 0 1 2
47058 0 2 1
64294 1 0 2
58920 1 0 2
30186 1 0 2
56921 2 1 0
40006 2 0 1
63952 0 2 1
49287 0 2 1
46178 2 1 0
32331 1 0 2
59472 0 1 2
64998 0 2 1
43807 2 1 0
42612 0 1 2
27032 0 2 1
68296 1 2 0
11196 0 1 2
26729 2 1 0
57213 1 2 0
45359 1 0 2
42730 0 1 2
26339 1 0 2
17058 0 2 1
21579 2 0 1
43650 1 2 0
53059 1 0 2
49272 1 0 2
32668 0 2 1
12729 1 0 2
48441 1 2 0
27474 0 1 2
52166 1 2 0
20155 1 2 0
16471 2 1 0
56492 2 1 0
15946 2 1 0
66956 0 1 2
66706 0 1 2
59598 0 2 1
42053 1 0 2
41690 0 1 2
63985 2 0 1
2169 0 1 2
26983 1 0 2
21181 2 0 1
67770 2 1 0
11282 1 0 2
42266 1 2 0
39523 2 1 0
26872 0 2 1
9963 2 1 0
1869 1 0 2
31116 0 1 2
41197 2 1 0
24927 0 1 2
63260 1 2 0
38209 2 1 0
30431 1 0 2
18802 1 0 2
12875 0 1 2
68563 2 1 0
11489 1 2 0
14754 0 1 2
46615 1 2 0
40434 1 0 2
772 2 1 0
64186 0 2 1
32414 1 2 0
35813 1 2 0
2819 2 1 0
69094 0 1 2
65831 2 0 1
11142 1 2 0
28521 1 0 2
62853 1 2 0
55741 2 1 0
6997 2 1 0
39778 2 1 0
6438 0 1 2
53580 2 1 0
40047 0 1 2
20012 2 0 1
46989 2 0 1
19951 1 2 0
20404 1 0 2
12732 2 1 0
24067 1 0 2
37002 2 0 1
7434 0 2 1
17601 2 1 0
42 1 0 2
41069 0 2 1
61470 1 2 0
23788 0 2 1
54721 1 0 2
477 0 2 1
44067 0 1 2
59662 2 1 0
38512 0 1 2
32792 1 2 0
37783 2 1 0
57943 0 1 2
4502 0 2 1
41030 0 1 2
62947 1 2 0
31761 0 1 2
61378 1 0 2
26375 1 0 2
17496 1 0 2
20426 2 0 1
11271 1 2 0
66645 0 2 1
14425 2 1 0
58501 1 0 2
12289 0 1 2
44549 1 0 2
55329 0 1 2
38846 0 1 2
41954 0 2 1
11554 1 0 2
26518 1 2 0
45849 0 1 2
2153 2 1 0
67748 1 2 0
4108 2 0 1
63075 2 1 0
22922 0 1 2
42001 0 1 2
62717 1 2 0
18494 1 0 2
67064 1 0 2
17885 2 0 1
21654 1 0 2
62316 1 0 2
19813 2 0 1
68894 2 0 1
29956 1 0 2
46115 0 2 1
62240 2 0 1
13243 1 0 2
6823 2 0 1
10149 1 2 0
52746 0 1 2
26108 2 1 0
15195 1 0 2
1688 2 0 1
51926 0 2 1
38519 2 0 1
18371 1 0 2
23217 1 2 0
42515 1 2 0
26377 2 1 0
26959 0 2 1
26579 0 2 1
40046 0 2 1
58640 0 1 2
9726 2 0 1
60351 1 0 2
10377 0 2 1
53497 1 0 2
5345 2 1 0
68655 1 0 2
39892 2 1 0
822 2 1 0
63983 0 1 2
22625 2 1 0
50575 0 2 1
11912 2 0 1
63758 0 1 2
53187 1 0 2
32840 0 2 1
12408 0 1 2
32437 0 1 2
62563 0 1 2
60733 2 1 0
46138 2 1 0
52706 1 2 0
62411 1 0 2
69632 2 0 1
40608 2 1 0
2980 1 0 2
61981 0 1 2
23899 1 2 0
52438 2 1 0
6110 0 1 2
60066 0 2 1
29710 2 0 1
48031 0 1 2
22993 1 2 0
39260 0 2 1
14576 0 2 1
31141 2 1 0
18104 1 0 2
58104 0 1 2
14608 2 0 1
52736 2 1 0
10727 0 1 2
32522 2 1 0
69585 2 0 1
49393 1 2 0
49799 1 0 2
37680 2 0 1
59982 0 2 1
15728 1 0 2
49286 0 1 2
56145 2 1 0
46699 0 1 2
21016 2 1 0
47964 1 2 0
36738 1 2 0
10378 1 0 2
57014 0 1 2
58479 2 0 1
4708 2 0 1
55303 0 1 2
12454 1 2 0
56405 1 2 0
12179 0 1 2
55769 1 0 2
28388 0 1 2
53216 2 0 1
61693 1 2 0
24976 2 1 0
66748 2 0 1
62713 2 1 0
43966 2 0 1
59375 2 1 0
3317 0 2 1
91 0 1 2
15415 2 0 1
5884 1 2 0
62819 2 0 1
67398 2 1 0
11245 2 1 0
39526 2 0 1
16992 0 1 2
61332 2 1 0
48479 1 0 2
21381 0 2 1
55307 1 2 0
14616 1 0 2
43955 2 0 1
50693 2 0 1
45072 1 0 2
50696 2 1 0
63282 1 2 0
61082 0 2 1
58622 0 1 2
5324 0 1 2
62931 0 1 2
44645 0 2 1
42535 2 0 1
5177 2 1 0
63193 2 0 1
38720 2 1 0
14462 2 1 0
35123 2 1 0
34497 0 2 1
23146 0 1 2
22657 2 0 1
22584 0 1 2
9617 1 2 0
25570 1 0 2
59332 0 1 2
19172 1 0 2
54323 0 2 1
34659 1 0 2
59235 0 2 1
7228 0 1 2
9826 0 2 1
61361 0 1 2
18996 1 2 0
19025 0 2 1
22721 2 1 0
15959 1 2 0
44601 0 1 2
54548 1 0 2
68902 1 2 0
8075 2 0 1
23748 0 2 1
1837 2 1 0
12834 0 1 2
1026 2 1 0
49966 0 1 2
46863 1 2 0
34756 2 0 1
5409 2 0 1
40268 1 0 2
16073 2 0 1
55715 2 1 0
21691 2 0 1
44227 0 1 2
48600 0 1 2
1957 2 1 0
12203 0 2 1
32746 0 2 1
21768 2 1 0
3288 2 0 1
14563 1 2 0
37823 1 0 2
59317 2 1 0
39512 0 1 2
67090 0 1 2
16636 1 2 0
2202 2 0 1
55157 0 1 2
43939 2 0 1
57933 2 0 1
68715 1 2 0
35338 2 0 1
1884 1 2 0
46831 0 1 2
44926 0 2 1
69550 2 1 0
47357 1 0 2
66194 2 1 0
38593 0 1 2
16896 1 2 0
46452 0 1 2
8198 2 1 0
7217 0 1 2
21015 0 2 1
55391 1 0 2
43078 1 2 0
3454 0 2 1
19992 0 1 2
49431 0 2 1
52912 0 1 2
1714 0 2 1
19179 0 2 1
61109 0 2 1
42115 1 2 0
56395 0 1 2
56645 2 1 0
20417 0 1 2
56322 2 1 0
11139 1 2 0
10766 0 2 1
57082 1 2 0
23774 2 1 0
28629 0 1 2
26373 2 0 1
69084 2 0 1
60855 0 1 2
69505 1 0 2
20936 2 1 0
10140 1 0 2
47877 1 0 2
14034 1 2 0
42408 1 2 0
25222 2 1 0
41408 1 0 2
41620 0 1 2
49175 1 2 0
15083 2 1 0
48204 2 1 0
38157 1 2 0
41410 0 1 2
55821 0 1 2
56394 1 2 0
9762 1 2 0
14256 2 1 0
66665 1 2 0
37024 1 0 2
66209 0 1 2
35687 2 1 0
41401 1 2 0
39835 1 0 2
60189 1 0 2
3380 2 1 0
43306 0 1 2
56863 2 1 0
40304 2 1 0
65242 0 2 1
41286 0 2 1
52869 2 0 1
46356 2 0 1
48375 2 1 0
67521 1 0 2
13713 0 2 1
58077 0 2 1
37968 2 1 0
31908 2 1 0
26817 0 2 1
14826 2 0 1
33929 0 1 2
45376 1 2 0
63031 1 0 2
25396 2 0 1
42724 0 1 2
50454 0 1 2
24990 1 0 2
45474 2 0 1
12675 1 2 0
64968 0 1 2
47657 1 2 0
24468 1 0 2
23947 1 2 0
64391 2 1 0
54311 2 0 1
58838 2 1 0
47718 0 1 2
60251 1 0 2
45297 1 0 2
32264 2 1 0
4693 0 1 2
17522 0 2 1
30405 1 0 2
12948 1 0 2
65673 0 2 1
59045 2 1 0
42358 2 0 1
58333 1 2 0
513 1 0 2
46611 0 1 2
47850 1 2 0
18389 2 0 1
19530 0 1 2
27742 2 0 1
62898 2 0 1
58421 1 2 0
66223 1 2 0
46192 2 1 0
40379 0 1 2
28191 0 2 1
23197 1 2 0
55334 2 0 1
41695 2 0 1
4825 1 2 0
68893 1 0 2
19793 0 1 2
36852 2 0 1
25102 1 2 0
59684 1 2 0
58433 1 0 2
9758 2 1 0
60434 1 0 2
32195 0 2 1
13835 1 0 2
62797 2 0 1
25913 1 0 2
40422 2 1 0
20201 2 0 1
64843 2 0 1
38879 1 0 2
11234 2 1 0
12106 2 1 0
6926 0 2 1
13696 2 0 1
49131 2 0 1
56658 2 1 0
29520 0 2 1
30870 0 1 2
17974 2 0 1
57444 1 0 2
4871 0 1 2
53926 2 0 1
26106 2 1 0
32439 0 2 1
12766 2 0 1
50619 2 1 0
955 1 0 2
58962 2 1 0
38079 0 2 1
67528 2 0 1
4283 0 2 1
68384 0 1 2
22398 0 1 2
17006 0 2 1
48942 1 2 0
34160 1 2 0
65934 0 2 1
21586 1 0 2
19805 1 0 2
55448 2 1 0
40508 2 0 1
42560 0 2 1
16634 1 2 0
26314 0 2 1
66261 2 0 1
793 1 0 2
61891 2 0 1
3890 0 1 2
39020 0 2 1
56052 2 0 1
30085 2 1 0
50193 1 0 2
14390 0 1 2
10090 1 2 0
51498 1 0 2
55341 1 0 2
38214 0 1 2
65695 2 1 0
38034 2 0 1
2846 1 2 0
32280 2 0 1
1842 1 2 0
27063 2 1 0
10611 0 2 1
20428 1 0 2
27596 1 2 0
61655 2 0 1
12168 0 1 2
59371 1 0 2
60366 1 2 0
13091 0 1 2
40077 2 0 1
4084 0 2 1
5348 1 2 0
30563 2 0 1
16454 1 0 2
27812 0 1 2
60136 2 1 0
7570 0 1 2
37770 2 1 0
42748 2 1 0
10169 2 1 0
19074 1 2 0
37050 1 0 2
62903 2 1 0
19989 2 0 1
19092 0 1 2
35044 1 0 2
38068 0 2 1
22329 2 1 0
40592 1 2 0
59031 1 2 0
2938 0 2 1
32354 1 2 0
34645 1 0 2
25683 2 0 1
58799 0 1 2
39662 2 1 0
18883 2 1 0
13135 0 2 1
27489 0 1 2
38564 1 2 0
49384 2 0 1
48166 2 1 0
41307 1 0 2
61827 2 1 0
64470 2 1 0
19619 1 0 2
39519 2 1 0
50590 1 0 2
3238 0 1 2
4131 1 0 2
46357 0 1 2
25350 2 0 1
59758 0 1 2
49034 1 0 2
24632 0 1 2
47607 2 0 1
18096 1 2 0
18587 2 0 1
64988 0 2 1
52135 0 2 1
54351 0 1 2
58428 1 0 2
67031 1 0 2
67180 2 0 1
29480 1 2 0
28136 0 2 1
34473 0 1 2
34059 1 0 2
592 0 2 1
6992 0 1 2
65560 2 1 0
23251 2 1 0
12081 1 0 2
19451 0 2 1
10481 2 1 0
62071 2 0 1
54797 2 0 1
46333 1 2 0
48521 1 2 0
33061 0 2 1
32921 2 1 0
24483 0 1 2
60002 1 0 2
55185 0 2 1
62571 2 0 1
41903 0 1 2
56402 1 2 0
1514 1 0 2
88 0 1 2
23375 0 1 2
2147 2 1 0
45127 2 0 1
15560 2 1 0
23518 0 1 2
2616 1 2 0
11573 1 2 0
53107 2 1 0
54581 1 0 2
9304 2 0 1
20128 1 2 0
14697 1 0 2
43743 2 0 1
44563 1 0 2
3032 0 2 1
3047 1 2 0
53064 2 0 1
19834 0 1 2
57484 2 0 1
49363 2 1 0
29930 0 2 1
6788 0 2 1
1864 0 1 2
2855 0 1 2
4990 1 2 0
2033 0 2 1
44822 2 0 1
49647 2 0 1
56496 0 1 2
18224 0 1 2
33350 2 1 0
60021 1 2 0
2074 1 0 2
68991 2 1 0
58017 2 0 1
2704 2 0 1
63002 1 0 2
60363 2 0 1
16683 2 0 1
6384 1 0 2
52900 1 0 2
59616 1 2 0
49225 0 1 2
48833 1 0 2
45001 0 1 2
36619 0 1 2
25060 0 2 1
69363 2 0 1
10204 0 2 1
65647 0 1 2
62380 2 0 1
52672 0 1 2
45934 2 1 0
25091 1 0 2
20168 0 2 1
31386 2 1 0
46458 1 2 0
13646 2 0 1
44320 0 2 1
8541 0 1 2
27123 0 2 1
29515 1 0 2
4402 2 1 0
6139 2 1 0
42141 2 0 1
30684 0 2 1
2276 0 1 2
56766 2 0 1
42097 2 0 1
39396 1 0 2
23813 2 0 1
16165 0 2 1
10452 0 1 2
10405 1 0 2
66711 2 0 1
31352 0 1 2
41566 0 2 1
23924 2 0 1
34811 2 1 0
22304 1 2 0
64109 0 1 2
20983 0 1 2
32243 0 2 1
52006 0 1 2
40723 2 1 0
54390 0 2 1
13913 1 0 2
33278 1 2 0
10300 0 1 2
46640 2 0 1
29960 0 2 1
33696 1 0 2
1186 1 2 0
1125 0 1 2
30656 0 1 2
769 1 0 2
60669 1 2 0
11354 2 0 1
1596 2 1 0
19770 1 2 0
61463 2 1 0
24295 2 0 1
27220 2 1 0
24146 1 2 0
3192 0 1 2
41340 1 0 2
1973 0 2 1
60551 2 1 0
20284 0 2 1
8437 1 0 2
2928 0 2 1
67554 2 1 0
33397 0 1 2
12976 1 2 0
38102 2 0 1
9000 2 0 1
57368 2 1 0
51374 0 2 1
9774 1 2 0
19414 2 1 0
9027 1 2 0
12149 2 1 0
24549 0 2 1
25057 1 2 0
65415 0 1 2
40880 0 1 2
13138 1 0 2
25891 0 2 1
42632 0 1 2
36025 2 1 0
59568 2 1 0
22933 0 1 2
25603 2 1 0
22183 1 2 0
12994 2 0 1
46892 2 1 0
69148 1 2 0
606 2 1 0
38889 2 0 1
50810 1 0 2
50448 0 1 2
60643 2 1 0
4638 1 2 0
52384 1 2 0
12212 2 1 0
25901 0 2 1
27057 1 0 2
6099 2 1 0
67704 2 0 1
66749 2 0 1
10686 2 0 1
57828 0 2 1
52765 0 2 1
53450 0 1 2
3319 0 2 1
5333 1 0 2
47645 0 2 1
37031 1 2 0
19027 1 0 2
6858 2 0 1
35221 1 0 2
51861 0 2 1
68627 0 2 1
36703 2 0 1
11814 1 0 2
23472 0 1 2
48371 1 0 2
38122 1 2 0
40332 0 1 2
2946 1 0 2
67238 2 1 0
64753 2 1 0
67796 2 1 0
65606 2 0 1
14223 1 2 0
64272 0 2 1
28800 2 0 1
9190 2 0 1
34928 1 2 0
29751 1 0 2
42772 1 2 0
8442 0 1 2
30273 2 0 1
27186 2 1 0
19714 1 0 2
50637 1 2 0
44981 2 1 0
5861 2 1 0
21485 1 2 0
55925 2 0 1
29430 2 0 1
10064 1 2 0
62447 2 1 0
11230 0 1 2
54987 1 2 0
62845 1 2 0
23378 2 1 0
43234 0 2 1
31819 0 2 1
62098 2 0 1
34653 2 1 0
584 2 1 0
18304 2 0 1
54111 0 2 1
39720 0 2 1
57676 1 2 0
56571 1 0 2
33861 2 0 1
30768 0 1 2
41602 0 1 2
19082 1 2 0
60243 0 1 2
14781 1 2 0
50937 1 2 0
30945 1 2 0
37684 2 0 1
28421 0 1 2
37110 1 0 2
69274 1 0 2
9002 0 2 1
41500 1 2 0
39819 2 1 0
59866 0 1 2
25568 0 2 1
49784 0 1 2
68514 2 0 1
12468 0 1 2
48615 2 0 1
30545 2 1 0
42404 1 2 0
66902 1 0 2
36335 2 0 1
48818 0 2 1
59230 0 1 2
66735 0 1 2
24342 0 1 2
54451 2 1 0
53167 1 0 2
49932 2 0 1
38205 0 2 1
32129 2 0 1
67276 2 1 0
48018 0 2 1
32793 2 0 1
19044 2 1 0
7788 1 0 2
12901 2 1 0
28178 1 0 2
62928 2 0 1
64408 1 2 0
31392 0 2 1
41206 0 2 1
61980 0 1 2
50392 0 1 2
42451 0 2 1
12890 1 2 0
47821 0 2 1
69314 2 1 0
27728 0 2 1
61311 0 2 1
48421 2 1 0
63898 2 1 0
60053 1 2 0
16384 0 2 1
15347 0 1 2
54691 2 0 1
52275 0 2 1
8367 0 1 2
58900 0 2 1
19507 0 1 2
2331 2 0 1
43069 0 2 1
46244 1 0 2
15851 2 1 0
67992 0 1 2
37745 2 1 0
46397 1 0 2
35633 2 1 0
12730 1 0 2
17682 2 1 0
63012 0 2 1
45909 2 0 1
58935 0 1 2
56630 1 0 2
5388 2 1 0
6787 0 2 1
5352 1 0 2
5578 0 2 1
59040 1 0 2
26121 0 2 1
35440 0 1 2
69643 0 1 2
20810 1 0 2
13668 0 2 1
44908 1 0 2
6585 1 0 2
48202 0 2 1
35384 2 1 0
16158 1 2 0
56576 2 0 1
61194 0 2 1
9642 1 0 2
28284 0 1 2
65395 0 1 2
33888 2 1 0
68773 1 0 2
59520 1 0 2
34556 1 2 0
44566 0 1 2
34961 0 1 2
1819 2 0 1
34130 1 2 0
36797 2 1 0
33866 0 1 2
57000 0 1 2
36553 2 0 1
16272 1 0 2
10932 1 0 2
4831 0 2 1
47375 1 0 2
69486 2 0 1
16879 2 1 0
2884 1 2 0
55986 1 0 2
12428 1 0 2
69624 0 1 2
7793 2 1 0
21343 1 0 2
64745 2 1 0
39936 2 0 1
1112 2 1 0
5062 2 0 1
69816 0 2 1
31896 0 2 1
40087 1 2 0
39322 1 2 0
8994 0 1 2
40264 0 2 1
39700 1 0 2
19980 1 0 2
13774 2 1 0
18790 0 1 2
6296 0 2 1
30022 2 0 1
61323 2 0 1
21034 2 0 1
22561 0 2 1
30217 2 1 0
41318 2 1 0
9245 0 1 2
45212 2 1 0
59043 2 0 1
42671 0 1 2
12731 2 1 0
8711 2 0 1
2267 2 1 0
20312 0 2 1
16536 1 2 0
6726 1 2 0
13229 2 0 1
27523 1 2 0
10109 2 1 0
68583 2 0 1
1988 1 2 0
57332 2 0 1
47793 0 2 1
55437 1 0 2
58341 2 1 0
47887 2 0 1
11381 1 2 0
8532 1 2 0
16955 2 0 1
23071 1 2 0
36743 0 2 1
64555 1 0 2
17408 1 0 2
61701 2 1 0
19449 2 0 1
11965 2 0 1
15597 1 2 0
62056 1 2 0
64700 1 2 0
42903 1 0 2
14505 2 1 0
39000 0 1 2
53270 1 2 0
39161 1 2 0
682 0 1 2
58128 2 0 1
49366 2 0 1
58923 0 2 1
28978 0 1 2
19592 0 1 2
33858 2 0 1
45149 2 1 0
65649 2 0 1
55354 0 1 2
58466 0 1 2
17168 0 1 2
8065 1 2 0
17829 0 1 2
69625 2 0 1
69759 2 0 1
29383 2 1 0
60390 2 0 1
18663 0 2 1
47994 1 2 0
46663 0 1 2
12841 2 0 1
5448 2 0 1
10341 0 1 2
7376 1 2 0
10922 1 0 2
61531 1 2 0
64603 1 2 0
26942 0 2 1
37845 2 1 0
8777 2 1 0
26898 0 1 2
53897 1 0 2
282 1 2 0
66338 0 1 2
27882 0 2 1
5425 0 1 2
66596 2 1 0
60939 2 1 0
45298 2 1 0
36258 0 1 2
46174 2 1 0
37994 2 1 0
40952 0 2 1
64292 0 1 2
40632 1 0 2
65297 1 2 0
44835 0 1 2
22975 0 2 1
67537 2 0 1
11905 2 1 0
58745 1 2 0
45944 2 1 0
66197 1 2 0
27900 0 2 1
56228 0 1 2
34373 1 0 2
69385 1 0 2
6419 1 0 2
40696 0 1 2
16856 2 1 0
64023 0 1 2
56416 0 1 2
28758 0 1 2
44887 2 1 0
69402 0 1 2
5559 1 0 2
55950 2 1 0
50703 0 1 2
164 2 0 1
259 1 2 0
35443 1 0 2
38483 0 2 1
13968 2 1 0
3422 1 0 2
14325 0 1 2
19163 2 1 0
54556 0 1 2
22867 1 2 0
33112 2 0 1
36710 0 1 2
16197 2 0 1
38982 0 2 1
46761 1 2 0
31870 2 0 1
7081 0 2 1
41116 2 0 1
48960 0 1 2
9660 0 2 1
12488 0 2 1
49185 0 1 2
26334 2 0 1
20846 1 0 2
28075 0 1 2
66024 1 0 2
45186 2 1 0
43941 2 0 1
52751 0 2 1
17182 1 0 2
32135 0 1 2
12321 2 0 1
55440 1 2 0
58452 1 0 2
32253 2 0 1
16221 0 2 1
16869 0 1 2
14278 2 0 1
32709 1 2 0
44985 0 1 2
34433 0 2 1
62593 0 1 2
35001 0 2 1
47148 0 2 1
48935 1 2 0
62567 2 1 0
63626 2 1 0
46438 1 0 2
65794 0 2 1
56334 0 2 1
28839 1 2 0
7926 1 2 0
38894 2 1 0
25934 0 2 1
25185 1 2 0
38467 2 0 1
64804 0 2 1
3466 0 1 2
65833 1 2 0
14177 0 2 1
13238 2 1 0
15587 1 0 2
37818 0 2 1
40907 0 2 1
35700 2 1 0
20747 0 2 1
62834 1 2 0
12314 2 0 1
17654 0 1 2
16321 2 0 1
54838 2 0 1
57208 0 2 1
54909 2 1 0
63308 0 2 1
38893 2 1 0
31484 0 2 1
59754 2 0 1
10676 0 2 1
66918 2 1 0
60371 1 2 0
19610 0 1 2
49627 0 1 2
4124 1 2 0
38307 0 2 1
16104 2 0 1
8526 0 2 1
47539 1 2 0
38521 2 1 0
34417 0 2 1
40377 2 0 1
69255 0 1 2
64102 2 0 1
61874 1 2 0
62084 1 0 2
57416 0 1 2
39131 2 0 1
25075 1 2 0
28130 1 0 2
28087 2 1 0
69682 1 2 0
45700 0 1 2
18606 1 2 0
2784 1 0 2
14842 2 0 1
49121 0 1 2
32941 2 1 0
53017 0 1 2
8603 1 2 0
7097 2 0 1
54596 2 0 1
12091 1 2 0
25135 2 1 0
12722 1 2 0
23022 0 2 1
33062 2 1 0
29399 0 2 1
38020 0 2 1
34936 2 1 0
31042 0 1 2
27278 2 0 1
43438 1 0 2
57958 2 0 1
3491 2 0 1
59844 0 1 2
64377 0 1 2
19090 1 2 0
65869 2 0 1
48353 1 0 2
19427 0 2 1
43602 0 2 1
69897 0 2 1
40195 0 1 2
24188 0 2 1
16020 2 1 0
61674 2 1 0
58645 1 2 0
40990 1 2 0
40241 2 1 0
42960 0 2 1
4993 2 1 0
10449 1 0 2
30869 2 1 0
66834 0 1 2
28502 0 2 1
59353 2 1 0
64365 2 0 1
6939 0 2 1
21252 1 0 2
35594 2 0 1
25476 1 0 2
20817 0 2 1
14637 2 0 1
45499 1 2 0
35075 2 0 1
60506 0 1 2
49830 1 0 2
21471 2 1 0
51853 1 0 2
1133 2 0 1
32051 2 0 1
29890 2 0 1
49703 0 2 1
38479 0 1 2
56570 2 1 0
4924 1 0 2
24953 0 1 2
61812 2 1 0
54773 0 1 2
40326 1 0 2
51146 1 0 2
60783 0 1 2
38321 0 1 2
67894 1 0 2
47428 0 2 1
53703 1 2 0
3897 1 2 0
47460 1 2 0
36827 1 0 2
34368 1 2 0
31029 0 2 1
27129 2 0 1
47528 0 1 2
44044 0 1 2
6557 2 0 1
53194 1 2 0
45818 2 1 0
51695 0 2 1
16381 0 1 2
42046 1 2 0
6666 2 1 0
47761 0 1 2
610 1 0 2
13550 0 2 1
7025 1 2 0
22092 1 0 2
35197 1 2 0
1886 1 2 0
5946 0 1 2
1877 2 1 0
46565 1 2 0
64364 2 1 0
15930 2 0 1
31103 2 0 1
17579 0 1 2
29943 0 2 1
60558 0 1 2
63258 2 0 1
45174 0 1 2
35076 2 1 0
17559 0 1 2
39503 1 0 2
28635 0 1 2
59613 0 1 2
50508 1 2 0
64091 2 0 1
61940 2 1 0
35564 0 2 1
49224 0 2 1
47585 2 0 1
9488 0 2 1
51588 0 2 1
40412 2 0 1
31926 2 1 0
39022 1 0 2
48326 0 1 2
42259 2 1 0
64387 1 2 0
69526 0 1 2
19626 0 1 2
19217 0 1 2
48373 0 1 2
57913 1 2 0
47278 0 1 2
29406 1 2 0
66865 0 1 2
37806 1 2 0
22944 0 1 2
35690 0 2 1
42189 2 1 0
33169 1 2 0
25196 0 1 2
14225 2 0 1
66331 0 1 2
2632 0 1 2
57486 1 2 0
20830 0 1 2
16715 2 1 0
23775 1 2 0
68823 0 1 2
52000 1 2 0
32182 0 1 2
26123 2 0 1
55453 1 0 2
68678 0 1 2
58340 1 2 0
49102 0 1 2
3725 1 0 2
48364 2 1 0
13241 1 2 0
28080 1 2 0
47385 2 1 0
68593 2 1 0
53723 1 0 2
26158 0 2 1
16366 1 0 2
39068 0 2 1
48301 0 1 2
3351 1 0 2
26053 1 2 0
41775 0 2 1
3179 1 0 2
66469 0 1 2
2502 0 1 2
67107 0 1 2
38081 0 2 1
47391 2 0 1
60033 2 0 1
56753 1 2 0
23808 0 2 1
40465 2 0 1
48901 0 2 1
26070 2 0 1
27118 2 1 0
25202 0 2 1
40258 1 2 0
5649 1 2 0
46571 2 1 0
64435 1 0 2
42284 0 1 2
4447 1 2 0
30380 2 1 0
60658 1 0 2
43993 2 0 1
13680 1 0 2
38035 2 1 0
10229 2 0 1
46160 0 1 2
35799 1 0 2
19324 2 1 0
28863 0 1 2
29879 2 1 0
3390 0 2 1
10559 0 1 2
38087 2 1 0
5731 0 2 1
5854 1 0 2
37857 2 1 0
50694 1 0 2
25088 1 0 2
66221 1 0 2
6188 1 0 2
65347 1 0 2
60262 2 1 0
64576 2 0 1
62527 2 1 0
55809 2 0 1
69 1 2 0
62016 0 2 1
50811 2 0 1
16567 2 0 1
18077 0 1 2
17689 2 1 0
29761 2 0 1
7502 1 2 0
40235 2 1 0
41223 2 1 0
42131 0 2 1
38804 0 1 2
17951 0 1 2
40423 2 1 0
55191 0 1 2
40324 0 1 2
40281 2 0 1
68055 1 0 2
21062 2 0 1
28061 2 0 1
66079 1 0 2
18959 2 1 0
21351 1 2 0
43435 2 1 0
32878 0 2 1
27564 0 2 1
38354 2 1 0
29772 0 1 2
61680 1 2 0
65340 1 0 2
49954 1 2 0
22898 1 0 2
43956 2 0 1
60069 0 2 1
38878 2 0 1
2875 1 0 2
53164 0 2 1
27654 0 1 2
44664 0 1 2
64498 0 1 2
34439 2 1 0
14216 1 2 0
7140 2 1 0
53353 1 2 0
8298 0 1 2
68666 2 1 0
2922 1 0 2
7677 2 0 1
25089 1 2 0
25444 0 1 2
31014 0 1 2
14488 0 1 2
26491 2 1 0
20966 1 2 0
6953 2 0 1
38254 2 0 1
36149 1 0 2
13043 0 1 2
63329 0 1 2
52719 0 2 1
60542 0 2 1
6909 2 0 1
60518 2 1 0
9401 1 0 2
33348 0 2 1
61322 2 1 0
62357 1 0 2
7763 0 1 2
45902 2 1 0
23357 1 2 0
12553 1 0 2
65654 0 1 2
26723 0 2 1
40386 1 2 0
51283 1 2 0
5133 2 1 0
37096 2 1 0
26683 2 0 1
14354 0 1 2
59739 2 1 0
18478 0 1 2
41874 1 0 2
24039 1 0 2
11012 2 1 0
12922 0 2 1
67669 2 1 0
14521 2 1 0
53838 2 1 0
27934 0 2 1
40544 2 1 0
15722 0 1 2
19731 2 0 1
45494 0 1 2
67686 2 1 0
31124 1 0 2
18558 1 0 2
30530 1 0 2
67502 0 2 1
3686 1 0 2
44677 1 0 2
67636 1 2 0
19549 2 1 0
729 1 2 0
65246 1 2 0
13744 1 0 2
44788 0 1 2
34437 1 2 0
29336 2 0 1
9659 1 2 0
22414 0 1 2
52109 2 0 1
26394 0 1 2
10896 1 2 0
43125 2 1 0
32978 2 0 1
25410 0 1 2
29558 2 0 1
28504 1 2 0
60191 0 1 2
58830 2 1 0
7783 0 2 1
58305 2 1 0
29631 1 0 2
33259 2 0 1
8270 2 0 1
37756 1 2 0
11013 1 2 0
19315 1 2 0
7420 0 2 1
9684 0 1 2
53174 0 1 2
6966 2 0 1
25382 0 1 2
34100 2 1 0
27237 0 1 2
11516 2 0 1
55162 2 1 0
24495 1 2 0
55260 2 1 0
50946 2 1 0
59042 0 2 1
60388 2 0 1
31355 2 0 1
64764 0 2 1
69161 2 0 1
6840 2 1 0
30437 1 0 2
11925 2 1 0
19325 2 0 1
6171 0 2 1
4892 1 0 2
62057 1 2 0
14059 0 2 1
36024 1 2 0
22244 1 2 0
58610 1 2 0
51357 2 1 0
21066 0 2 1
4019 2 0 1
45683 0 2 1
44059 1 2 0
34236 2 0 1
66702 2 0 1
52420 1 2 0
32685 0 1 2
908 0 1 2
33392 2 1 0
43691 0 1 2
29916 2 0 1
37939 2 0 1
52578 1 2 0
53382 0 1 2
23921 0 2 1
60469 2 1 0
47141 0 2 1
10604 0 2 1
61584 1 2 0
32673 1 0 2
34110 1 2 0
33800 0 2 1
18596 0 1 2
51058 1 0 2
34536 0 2 1
15589 0 2 1
34390 0 2 1
37121 1 0 2
41421 2 0 1
32510 2 0 1
9157 2 1 0
35071 1 0 2
31498 1 0 2
19208 0 1 2
43782 1 0 2
42709 2 1 0
23360 0 1 2
19524 0 1 2
11639 0 2 1
65687 0 1 2
56260 2 1 0
4685 0 2 1
40897 2 1 0
68429 2 0 1
55589 1 2 0
67569 1 2 0
27274 0 1 2
65799 2 1 0
6229 2 1 0
55346 1 0 2
69423 0 2 1
57448 0 2 1
37638 0 2 1
14723 2 0 1
3100 0 1 2
7384 1 0 2
39701 2 1 0
53067 2 0 1
12896 2 0 1
43401 1 2 0
9348 0 1 2
17622 2 0 1
38756 0 1 2
30121 2 0 1
39631 1 0 2
285 0 1 2
10103 0 2 1
20760 2 1 0
69205 1 0 2
51452 2 1 0
64795 2 1 0
20147 2 0 1
65961 2 1 0
41559 0 1 2
58041 1 0 2
56323 0 1 2
12806 0 1 2
36626 2 0 1
54239 0 1 2
29478 1 2 0
1207 1 2 0
64454 2 0 1
51370 1 0 2
22407 2 1 0
15905 2 0 1
57517 0 1 2
54386 2 0 1
33373 0 1 2
19896 1 0 2
34220 2 1 0
57438 1 2 0
44337 0 2 1
38760 2 1 0
31661 1 0 2
69019 1 2 0
14165 1 0 2
16625 2 1 0
38849 0 2 1
10610 1 0 2
41873 1 2 0
24760 2 0 1
51247 1 2 0
21785 1 2 0
22088 0 1 2
15911 2 1 0
4457 1 0 2
50390 1 2 0
58589 2 0 1
21515 2 0 1
34008 2 1 0
5005 2 1 0
31184 1 2 0
20166 1 2 0
6324 2 0 1
43429 1 0 2
50489 0 2 1
28810 1 0 2
52448 0 2 1
64880 2 0 1
1617 0 2 1
41461 1 2 0
28815 1 2 0
7332 2 1 0
68850 0 1 2
42869 2 1 0
27948 2 1 0
54142 2 0 1
62859 0 2 1
6505 0 1 2
69923 0 2 1
35322 1 0 2
16928 0 1 2
53405 2 0 1
19739 2 1 0
14830 2 0 1
31074 0 1 2
23784 2 1 0
64132 1 0 2
31909 0 1 2
35572 0 2 1
69596 1 2 0
27779 2 0 1
59938 0 2 1
43370 2 1 0
45813 2 0 1
670 2 1 0
18043 1 0 2
37016 1 0 2
35316 0 1 2
19308 2 0 1
24095 0 2 1
17178 0 1 2
64455 0 1 2
69598 0 2 1
69204 1 0 2
7269 2 0 1
26371 0 1 2
6302 0 2 1
60420 0 2 1
35997 1 0 2
46572 1 0 2
9923 2 1 0
44023 2 1 0
15385 0 2 1
38610 0 1 2
11953 1 2 0
29055 2 1 0
15968 2 1 0
4379 2 1 0
24600 2 1 0
6730 2 1 0
28772 2 0 1
13196 0 1 2
69145 1 2 0
442 2 1 0
65619 0 1 2
53857 0 2 1
47667 0 1 2
6916 2 0 1
31957 1 0 2
18205 0 2 1
16097 1 2 0
54682 2 1 0
29313 1 0 2
36642 2 0 1
51254 0 1 2
20059 2 1 0
2158 1 0 2
38679 0 2 1
60138 1 2 0
11347 1 0 2
13714 2 0 1
46173 1 0 2
5351 2 1 0
10839 1 2 0
23104 1 0 2
60308 1 2 0
44681 2 0 1
57262 2 0 1
36306 0 1 2
51439 2 1 0
42877 2 1 0
43744 1 0 2
30500 0 1 2
55103 2 0 1
44046 2 0 1
1519 1 2 0
52023 2 1 0
16205 0 2 1
37909 2 0 1
67308 0 1 2
55333 2 1 0
26290 0 1 2
3048 2 1 0
31682 1 2 0
39675 0 2 1
33241 0 1 2
35577 2 0 1
14479 2 0 1
58313 2 1 0
52216 2 1 0
65089 0 2 1
4934 1 2 0
52905 2 1 0
64888 1 2 0
58593 0 1 2
13524 0 1 2
20013 0 2 1
2777 1 0 2
41162 0 1 2
50664 0 1 2
15921 1 0 2
696 0 1 2
58647 0 2 1
15645 0 2 1
60419 0 1 2
46315 1 2 0
66347 2 1 0
17468 0 1 2
33288 1 0 2
15762 2 1 0
25130 1 0 2
60006 2 1 0
41228 2 0 1
46545 2 1 0
69861 2 0 1
16264 2 0 1
20765 2 0 1
49066 2 0 1
3695 1 0 2
27734 0 1 2
65737 1 0 2
17211 0 2 1
69135 1 2 0
19570 2 1 0
58758 1 0 2
7247 1 2 0
48853 0 2 1
54685 0 1 2
27706 0 1 2
69675 2 1 0
67050 0 1 2
69829 2 1 0
10753 1 2 0
18680 0 2 1
11930 2 0 1
66998 2 0 1
12410 0 1 2
61854 1 2 0
9849 2 0 1
33183 0 1 2
35101 2 1 0
36696 0 1 2
7615 0 1 2
11622 1 2 0
13094 1 0 2
1380 0 2 1
28446 1 2 0
13746 1 2 0
24006 1 2 0
33449 1 2 0
32640 1 2 0
31308 0 2 1
39787 1 0 2
50254 0 2 1
11292 1 0 2
26758 1 2 0
39495 0 2 1
67193 0 2 1
40534 1 2 0
25041 1 2 0
69237 0 2 1
11818 2 1 0
51305 2 1 0
56514 2 0 1
24372 1 0 2
60047 0 1 2
48424 1 0 2
14571 2 0 1
46156 0 1 2
69160 2 1 0
38083 1 2 0
68868 1 0 2
44220 0 2 1
31289 1 2 0
7198 1 2 0
66927 2 1 0
52255 0 2 1
27078 0 2 1
33711 1 0 2
31019 1 0 2
29852 2 0 1
59111 0 1 2
42150 1 2 0
32455 2 1 0
7288 2 0 1
30154 1 0 2
37727 0 2 1
62088 0 2 1
46806 1 2 0
67059 2 0 1
57758 1 0 2
19190 1 2 0
49929 1 0 2
44225 0 2 1
60714 2 1 0
44180 2 1 0
28008 2 1 0
43901 0 1 2
9088 0 2 1
12742 0 2 1
60327 1 2 0
22804 1 0 2
57437 2 0 1
14544 1 0 2
42477 1 2 0
61397 0 2 1
9960 0 1 2
4030 1 0 2
49268 2 0 1
63429 1 2 0
27623 1 2 0
44471 1 2 0
21103 0 1 2
63779 2 1 0
13412 0 1 2
10037 0 2 1
64584 0 2 1
11659 0 2 1
25970 2 0 1
33204 1 2 0
68447 1 0 2
51804 2 1 0
37053 0 1 2
31862 2 1 0
43823 2 0 1
59582 2 0 1
36012 2 1 0
39877 2 0 1
4671 0 1 2
29596 1 2 0
55964 1 2 0
52086 0 1 2
28917 2 1 0
68581 1 2 0
12372 0 1 2
29984 2 0 1
16464 2 0 1
31230 1 0 2
4899 0 2 1
53152 2 0 1
31050 1 0 2
8925 2 0 1
8803 0 1 2
68654 0 1 2
37294 2 1 0
2831 0 1 2
26413 2 1 0
16029 2 0 1
14391 0 2 1
47493 1 2 0
60239 2 0 1
47443 2 1 0
36111 2 1 0
26142 2 0 1
19326 0 1 2
31527 0 2 1
45465 1 0 2
59629 2 1 0
18200 0 1 2
28011 2 1 0
45996 2 0 1
25561 0 1 2
56848 1 0 2
1645 2 0 1
36919 0 1 2
51133 2 1 0
25569 1 2 0
61685 1 2 0
13368 1 2 0
61100 2 0 1
186 2 1 0
47517 1 0 2
19722 1 0 2
15381 2 1 0
58245 2 1 0
61318 0 1 2
49962 2 1 0
38215 0 2 1
68159 1 0 2
16514 0 1 2
7983 0 2 1
31039 0 2 1
50846 0 1 2
2039 2 1 0
31407 2 1 0
55348 2 0 1
59591 0 2 1
13857 0 2 1
33734 1 2 0
57557 0 1 2
1998 0 1 2
16143 1 0 2
68552 1 2 0
27393 1 0 2
10696 0 2 1
21695 0 1 2
38440 1 0 2
22076 1 0 2
673 0 2 1
40028 1 2 0
11389 1 0 2
69731 1 0 2
54398 1 2 0
16713 1 0 2
14252 0 1 2
20377 2 1 0
60052 0 1 2
53559 0 2 1
56566 2 0 1
31638 2 1 0
12702 1 2 0
8817 2 0 1
26628 0 1 2
19166 2 0 1
61456 2 0 1
63649 1 0 2
55872 1 0 2
58279 1 2 0
14895 2 0 1
64036 1 2 0
61165 2 0 1
54154 1 0 2
40520 2 1 0
28905 0 2 1
42986 1 2 0
28816 2 0 1
39841 0 1 2
1506 1 2 0
63864 0 2 1
27304 2 1 0
27409 2 1 0
56103 0 2 1
54033 1 0 2
14647 2 0 1
42055 2 1 0
46834 0 1 2
18287 0 1 2
38495 1 2 0
69747 0 2 1
68628 2 0 1
27491 1 0 2
5419 1 0 2
26708 2 0 1
12673 0 2 1
51800 1 2 0
46170 1 2 0
46095 0 1 2
53964 1 0 2
45888 2 1 0
65 2 1 0
14211 1 0 2
4620 0 1 2
912 0 2 1
56468 2 1 0
20607 1 2 0
47241 1 2 0
33567 0 2 1
508 0 1 2
50046 2 0 1
21348 2 1 0
56615 2 1 0
30595 0 2 1
18313 1 0 2
23987 0 2 1
5820 2 1 0
34633 1 2 0
58681 1 2 0
35337 2 1 0
53708 0 1 2
32403 1 2 0
48158 0 2 1
60168 2 1 0
18073 1 2 0
14970 0 2 1
51103 2 0 1
59261 0 2 1
22321 1 0 2
15313 1 2 0
56023 0 2 1
9209 0 1 2
3332 2 0 1
16306 2 0 1
36380 0 2 1
48829 2 0 1
17402 0 1 2
69247 2 1 0
28260 2 1 0
28200 2 1 0
33135 2 0 1
16434 1 2 0
5564 2 1 0
44034 2 0 1
54729 1 2 0
56579 2 0 1
53233 0 2 1
51803 1 0 2
29370 0 2 1
30190 1 2 0
28482 2 0 1
41769 2 1 0
12161 0 2 1
5650 2 0 1
33579 1 0 2
41156 2 1 0
63829 1 2 0
26180 2 1 0
6709 1 2 0
31053 0 1 2
38412 1 0 2
42139 0 2 1
63602 1 2 0
26 0 1 2
52087 2 0 1
59974 2 0 1
13280 2 0 1
44130 0 2 1
41077 2 1 0
16981 1 2 0
40355 1 0 2
33585 0 2 1
57235 1 0 2
17940 1 2 0
208 0 2 1
52533 2 1 0
58459 2 1 0
8873 0 2 1
57452 2 0 1
1341 0 1 2
60177 2 1 0
315 2 0 1
29193 0 1 2
56024 1 0 2
28140 0 2 1
28583 2 0 1
32155 1 0 2
61920 1 0 2
30810 0 2 1
13640 1 2 0
63370 2 0 1
3642 0 2 1
54768 0 1 2
2135 0 2 1
36556 0 1 2
19038 0 2 1
7721 1 0 2
55997 1 0 2
50795 0 2 1
53390 0 2 1
211 2 1 0
65735 1 0 2
67628 1 2 0
13578 2 0 1
957 2 1 0
1098 2 0 1
64045 2 0 1
8732 1 0 2
18617 2 1 0
8639 0 2 1
37921 1 0 2
8618 0 2 1
55195 1 0 2
35222 0 1 2
31324 0 2 1
32021 2 1 0
59048 0 2 1
27807 1 0 2
25894 2 0 1
53357 1 2 0
66586 0 1 2
62631 2 1 0
48850 1 2 0
32604 0 2 1
55003 1 0 2
12235 2 0 1
61828 2 1 0
32733 2 0 1
21367 0 1 2
12574 2 1 0
62975 2 0 1
54580 0 1 2
61719 1 0 2
13371 0 1 2
7092 2 0 1
51955 2 0 1
60598 0 1 2
56655 0 1 2
31594 1 0 2
52147 2 1 0
19598 0 1 2
22983 2 0 1
25365 2 0 1
28656 2 1 0
6942 0 2 1
3746 0 1 2
65622 2 0 1
24743 0 1 2
21891 1 2 0
31055 0 2 1
10949 2 0 1
55146 2 1 0
19466 1 2 0
2011 1 2 0
69232 0 1 2
37134 1 2 0
3912 0 1 2
59436 0 2 1
3617 0 2 1
58182 1 2 0
28459 0 1 2
5485 1 0 2
25381 1 2 0
44894 2 1 0
15052 1 0 2
14129 2 0 1
60155 2 1 0
49643 0 2 1
15808 2 1 0
68205 0 2 1
65849 1 2 0
25338 0 2 1
68665 0 1 2
45163 2 1 0
64001 1 0 2
5363 0 2 1
14881 0 2 1
30356 0 1 2
41149 2 1 0
12968 1 2 0
9374 0 2 1
54048 1 2 0
46406 1 0 2
1776 0 2 1
12826 1 0 2
47765 2 1 0
12798 0 2 1
14992 0 1 2
33684 2 0 1
65983 2 0 1
61927 1 0 2
34342 1 2 0
25180 2 0 1
26746 1 0 2
36471 0 1 2
59428 2 0 1
19409 0 1 2
9125 1 0 2
62625 2 1 0
41794 1 0 2
50084 1 0 2
65392 0 2 1
44588 2 0 1
36218 0 2 1
6716 0 1 2
16657 2 1 0
32619 2 0 1
24368 1 0 2
39831 2 1 0
13096 0 1 2
2620 2 1 0
40329 1 0 2
11741 1 2 0
31971 0 2 1
48060 1 2 0
30433 2 0 1
19057 0 1 2
42834 2 1 0
56418 0 2 1
5935 1 2 0
18076 0 2 1
50821 2 0 1
12256 0 2 1
11681 0 2 1
14251 2 0 1
41161 0 1 2
61559 0 1 2
17875 1 2 0
37762 0 2 1
17589 0 1 2
25349 0 2 1
58621 2 1 0
59614 1 2 0
12031 0 1 2
48183 1 2 0
20859 1 0 2
6935 2 1 0
45217 0 2 1
53994 1 0 2
20439 0 2 1
65728 1 0 2
9202 2 1 0
32517 2 0 1
8721 0 2 1
21957 0 1 2
4979 1 0 2
15197 1 2 0
49387 1 0 2
64645 2 0 1
61299 0 2 1
33000 2 0 1
45886 2 0 1
44856 2 0 1
16120 0 1 2
51628 2 1 0
1326 0 1 2
56333 0 2 1
3572 0 1 2
485 2 1 0
40581 1 0 2
34249 1 2 0
34216 2 0 1
63298 2 1 0
64355 0 2 1
5008 0 2 1
41881 1 0 2
5761 2 1 0
45250 2 0 1
29076 2 1 0
30290 1 0 2
13235 0 1 2
1852 2 0 1
11467 2 1 0
38074 2 0 1
33828 0 1 2
20783 0 1 2
24597 2 0 1
31863 1 0 2
59887 2 0 1
57267 2 0 1
15613 1 0 2
65296 0 1 2
20601 1 0 2
40938 1 2 0
3123 2 0 1
27991 2 1 0
64766 1 0 2
8634 1 2 0
35124 0 2 1
51227 2 1 0
37676 2 0 1
11586 2 0 1
25526 0 1 2
41484 0 1 2
44530 0 2 1
54087 0 2 1
34855 0 2 1
3274 1 2 0
21679 2 1 0
37478 2 1 0
67500 0 1 2
34416 1 0 2
55959 2 1 0
37084 2 0 1
46337 1 2 0
19110 1 2 0
39914 1 2 0
13302 2 1 0
38340 1 0 2
36739 0 2 1
9326 0 2 1
61218 1 0 2
55836 2 1 0
19832 2 0 1
47446 0 1 2
51561 0 1 2
22208 1 2 0
17465 0 1 2
21607 0 2 1
17118 1 0 2
27041 2 0 1
11868 2 1 0
3563 1 2 0
45308 2 0 1
4787 1 2 0
13148 2 0 1
33140 0 2 1
21176 1 0 2
6214 0 1 2
64602 0 2 1
7977 2 1 0
65184 0 2 1
6142 0 1 2
22369 1 2 0
54456 0 1 2
32428 1 0 2
36869 1 0 2
31045 1 0 2
6314 2 1 0
26865 1 0 2
51096 2 1 0
61222 1 0 2
32373 2 0 1
14392 0 2 1
23635 2 1 0
29063 0 2 1
66969 1 2 0
23348 1 0 2
42868 0 1 2
1109 2 0 1
45978 2 1 0
11769 1 0 2
58319 1 2 0
33311 1 0 2
5703 1 0 2
25786 0 1 2
27847 0 1 2
3207 0 2 1
38472 2 0 1
55896 2 0 1
44109 2 0 1
56157 0 1 2
30510 0 1 2
35042 1 2 0
19210 0 2 1
60914 2 1 0
14873 2 1 0
25116 0 2 1
6422 0 2 1
23573 1 2 0
10030 1 2 0
50643 0 2 1
43929 2 1 0
18282 0 1 2
47366 1 2 0
48587 0 2 1
28302 1 0 2
6209 1 0 2
423 2 0 1
51517 2 1 0
11546 0 2 1
40757 0 1 2
14784 0 1 2
68892 2 1 0
34772 2 1 0
52627 2 1 0
185 0 1 2
33729 2 1 0
43030 0 2 1
15495 0 2 1
2806 2 1 0
60833 2 1 0
4742 0 1 2
22161 0 1 2
21430 0 2 1
47340 2 0 1
11439 1 0 2
141 0 1 2
59068 1 2 0
32786 1 2 0
18355 2 0 1
63852 1 2 0
67630 0 1 2
31820 1 0 2
40186 1 0 2
1827 1 2 0
40622 0 2 1
10854 2 0 1
66564 2 1 0
61294 1 2 0
62612 1 2 0
45326 2 1 0
42017 2 0 1
44371 2 1 0
36903 1 0 2
5613 1 0 2
55155 2 0 1
67699 0 2 1
69226 2 0 1
63287 0 2 1
8146 2 0 1
30575 0 1 2
9495 1 0 2
36259 1 0 2
42976 2 0 1
67462 2 0 1
37704 1 0 2
33080 1 0 2
3208 1 0 2
50014 0 2 1
65596 1 0 2
22434 2 0 1
1205 2 1 0
18086 0 1 2
12523 1 0 2
45866 1 2 0
37349 0 1 2
25489 1 2 0
191 2 0 1
10075 1 0 2
23582 2 1 0
28434 2 1 0
60176 0 2 1
11592 1 2 0
38064 2 0 1
49189 1 2 0
58540 0 2 1
33966 2 1 0
61015 0 2 1
20345 2 0 1
22066 2 1 0
70 2 1 0
29303 2 0 1
56750 2 1 0
22736 0 2 1
11024 0 1 2
31807 1 2 0
19937 1 2 0
64275 2 1 0
35729 1 2 0
63632 2 1 0
67793 2 0 1
30281 1 2 0
9791 0 2 1
20325 0 1 2
28928 1 0 2
10985 2 0 1
57122 0 2 1
22303 0 1 2
3794 1 2 0
31033 0 1 2
20589 1 2 0
8544 0 1 2
16909 1 0 2
7844 2 1 0
53005 2 0 1
50957 1 0 2
25431 0 1 2
28239 0 2 1
2396 0 1 2
22917 2 1 0
33843 0 2 1
42713 2 0 1
17561 0 1 2
55477 2 1 0
9341 1 2 0
12413 0 1 2
7033 1 2 0
40337 2 1 0
34687 1 0 2
27086 0 1 2
33423 1 0 2
267 1 2 0
48794 2 0 1
32173 2 1 0
41310 1 2 0
27768 0 1 2
57548 0 2 1
31672 2 1 0
19820 1 2 0
64529 0 1 2
50809 1 0 2
55298 0 1 2
53424 0 2 1
50480 0 1 2
48748 1 0 2
66403 1 2 0
7687 1 2 0
4207 2 1 0
42541 2 1 0
56518 1 2 0
68358 0 2 1
30425 2 0 1
51474 0 1 2
46687 2 1 0
68684 1 0 2
63369 0 1 2
37571 2 1 0
8726 0 2 1
25598 2 1 0
31422 1 0 2
46614 2 0 1
4701 2 1 0
1706 2 1 0
52462 1 2 0
28374 0 1 2
14710 2 1 0
935 0 1 2
37477 0 1 2
38204 2 1 0
9802 2 0 1
4007 1 0 2
45520 1 2 0
40539 0 1 2
22909 1 0 2
68984 1 0 2
68039 2 1 0
272 1 0 2
7199 1 0 2
34767 0 1 2
36126 1 2 0
10843 0 2 1
45828 1 0 2
39112 1 2 0
49168 2 1 0
24567 0 2 1
59525 1 2 0
51890 1 2 0
37095 2 1 0
16762 1 2 0
55073 0 1 2
9697 1 2 0
46723 1 0 2
10607 0 1 2
68491 1 0 2
9877 1 0 2
54218 2 0 1
58712 2 0 1
64306 0 2 1
55976 0 2 1
37679 0 1 2
66452 1 2 0
5401 0 2 1
50234 0 2 1
50860 0 2 1
66326 1 0 2
51441 2 1 0
52649 2 1 0
48533 1 2 0
12219 2 0 1
10212 2 0 1
15486 0 1 2
14599 0 2 1
10146 2 1 0
26324 1 0 2
61722 0 1 2
16863 1 0 2
52699 0 1 2
10339 1 0 2
13341 2 1 0
56476 2 1 0
65008 2 1 0
58200 0 2 1
12527 1 2 0
45121 0 1 2
33848 1 0 2
54718 1 2 0
53032 2 1 0
68612 0 2 1
19709 2 1 0
33825 0 2 1
62143 2 1 0
3601 1 0 2
3514 1 2 0
35122 2 0 1
52160 2 0 1
28093 2 1 0
14999 1 2 0
23595 0 2 1
19334 2 0 1
29496 2 0 1
20645 2 0 1
39821 2 1 0
56802 1 0 2
36635 0 2 1
31976 0 2 1
24451 1 2 0
23560 1 0 2
55288 0 1 2
18243 1 0 2
17466 2 1 0
31593 2 0 1
21865 2 1 0
16477 2 1 0
44790 2 1 0
16789 1 2 0
31765 2 0 1
65209 2 0 1
28431 2 0 1
21744 0 2 1
1405 1 0 2
1802 2 1 0
13314 0 2 1
7950 2 0 1
29256 0 2 1
43450 1 2 0
25529 2 0 1
67719 0 2 1
58076 2 0 1
19040 0 2 1
21274 0 2 1
803 1 2 0
5634 0 2 1
51220 2 0 1
56097 0 1 2
68415 1 2 0
34319 0 2 1
60696 0 1 2
62951 0 2 1
12183 2 1 0
61272 1 0 2
63754 1 2 0
24355 0 1 2
63921 1 2 0
2345 1 2 0
28406 2 1 0
63698 1 0 2
36808 2 0 1
45424 0 1 2
8127 0 1 2
43662 1 0 2
69981 2 0 1
17467 0 1 2
9823 0 2 1
51520 1 2 0
66643 1 2 0
37905 1 2 0
56232 2 0 1
26852 1 2 0
69211 0 1 2
27621 2 1 0
2636 0 1 2
44526 1 0 2
69637 2 1 0
19517 2 1 0
41372 0 1 2
24991 0 2 1
65968 1 0 2
7530 1 0 2
30754 2 1 0
13315 0 2 1
7856 1 2 0
63105 1 0 2
17414 2 0 1
20485 2 1 0
33859 1 0 2
19680 2 1 0
30737 1 0 2
46132 0 2 1
22390 2 1 0
45342 0 2 1
24212 2 0 1
66314 2 0 1
47445 2 1 0
52918 1 0 2
180 0 1 2
10716 1 2 0
3565 0 1 2
54928 2 0 1
8954 1 2 0
5736 1 2 0
3464 1 0 2
47912 2 1 0
5032 0 2 1
23608 0 1 2
33380 2 0 1
50118 0 1 2
69116 1 0 2
54289 2 1 0
42251 1 0 2
35952 1 0 2
62883 0 2 1
3245 0 2 1
17564 2 0 1
3889 1 2 0
66790 2 1 0
2902 1 2 0
2737 0 1 2
39743 1 0 2
61209 0 1 2
60314 2 0 1
64140 1 0 2
50253 2 0 1
69202 0 2 1
37707 1 2 0
29851 0 2 1
42158 2 0 1
62891 0 1 2
62028 1 0 2
60656 1 0 2
14857 1 0 2
38957 0 2 1
69215 0 1 2
68699 1 2 0
446 2 0 1
15714 1 0 2
50417 0 2 1
22727 1 2 0
51363 1 0 2
39056 1 0 2
16564 1 0 2
18172 1 2 0
19831 0 1 2
1368 0 2 1
57646 2 0 1
51550 1 2 0
17789 2 0 1
12577 1 0 2
43752 2 1 0
40642 1 2 0
49009 2 0 1
44579 0 2 1
64208 0 2 1
47037 0 2 1
22790 2 0 1
3233 2 0 1
11760 1 0 2
37066 1 0 2
43732 1 2 0
13185 2 0 1
11176 0 2 1
33947 1 2 0
6502 0 1 2
46166 1 2 0
38292 2 0 1
3917 2 1 0
15259 2 0 1
3356 0 1 2
24537 0 1 2
27383 2 0 1
3570 2 0 1
21382 0 1 2
31657 1 2 0
9657 1 0 2
62708 0 2 1
36091 1 0 2
38361 1 2 0
26754 0 1 2
28962 1 2 0
53627 2 1 0
29926 2 1 0
13848 2 1 0
6877 0 2 1
52901 2 1 0
10464 2 0 1
43951 1 0 2
13173 0 1 2
47084 2 0 1
20218 0 2 1
43276 2 1 0
34837 0 2 1
28796 2 0 1
50209 2 1 0
69124 0 1 2
2211 2 1 0
64612 2 1 0
64035 1 2 0
1077 0 2 1
9750 1 0 2
40884 1 0 2
54569 2 1 0
11764 0 2 1
3646 0 2 1
18199 1 2 0
30887 2 1 0
16365 0 1 2
1982 0 1 2
23391 2 1 0
14460 2 0 1
26760 0 2 1
50235 0 2 1
53290 2 1 0
30551 1 2 0
10323 2 0 1
56330 0 2 1
49060 2 1 0
63724 2 1 0
20351 0 2 1
14782 2 1 0
16699 1 2 0
64752 2 1 0
298 0 2 1
57715 2 1 0
23511 0 2 1
40356 1 0 2
58064 0 2 1
58869 2 1 0
26378 2 0 1
56850 0 2 1
69289 0 1 2
63700 2 0 1
2020 1 2 0
50472 1 0 2
30379 2 1 0
10690 1 0 2
17846 0 1 2
61860 0 1 2
6835 1 2 0
59107 2 1 0
18913 2 0 1
14560 1 0 2
63884 0 2 1
19496 0 2 1
10785 0 2 1
20040 0 1 2
35164 1 2 0
15430 2 0 1
67980 1 0 2
52718 0 2 1
58875 0 2 1
69820 1 0 2
9666 2 0 1
20822 2 1 0
36564 0 2 1
35245 0 1 2
15632 2 0 1
35174 2 0 1
55308 1 2 0
60997 0 1 2
55615 2 1 0
57600 0 2 1
20801 1 2 0
36346 2 0 1
14672 2 1 0
26383 2 0 1
67067 2 0 1
54040 1 2 0
67536 2 0 1
46454 2 1 0
38776 0 2 1
65797 1 2 0
47016 1 2 0
65644 0 2 1
35964 2 0 1
59166 2 0 1
49021 0 2 1
61349 0 2 1
44300 0 2 1
67772 1 2 0
32131 0 2 1
57707 2 1 0
36171 2 1 0
60117 1 2 0
2772 0 1 2
47535 1 2 0
415 1 2 0
27238 1 2 0
30362 1 2 0
881 2 1 0
10620 2 0 1
58801 0 2 1
9118 2 1 0
2479 2 1 0
59248 0 2 1
54183 2 1 0
44989 2 1 0
34681 2 1 0
67970 2 0 1
14622 0 1 2
1324 2 1 0
53419 1 0 2
14313 1 2 0
9211 2 1 0
65161 1 2 0
59020 0 1 2
5950 0 1 2
52010 1 0 2
30749 1 0 2
58915 0 1 2
46608 0 1 2
37480 2 0 1
56109 0 2 1
10390 1 0 2
6690 0 1 2
48151 0 2 1
66635 0 2 1
55692 1 0 2
20279 0 2 1
41621 0 1 2
3929 2 0 1
53422 1 0 2
61229 1 2 0
29977 0 1 2
56092 1 2 0
22739 0 2 1
14832 0 1 2
28634 1 0 2
6404 1 2 0
16889 2 0 1
57811 0 1 2
17228 2 1 0
51123 0 1 2
9869 0 1 2
66518 0 2 1
62644 2 1 0
17348 0 2 1
5358 2 0 1
51838 1 0 2
43040 1 0 2
21312 2 0 1
6776 0 1 2
67347 0 1 2
60951 2 0 1
34222 2 0 1
65503 0 1 2
46658 2 1 0
2449 1 2 0
61702 0 1 2
52585 2 1 0
40871 0 2 1
2032 1 2 0
47706 1 2 0
56819 1 0 2
22735 2 0 1
29429 0 1 2
46808 0 1 2
7309 2 0 1
50439 1 2 0
49174 1 2 0
25114 1 0 2
45605 0 2 1
67386 0 1 2
67689 0 1 2
47320 1 0 2
28100 0 1 2
37986 2 0 1
21190 1 2 0
69524 2 0 1
25486 1 0 2
69530 2 1 0
30899 1 0 2
5475 0 2 1
37947 1 0 2
50483 0 1 2
33911 2 1 0
39762 0 2 1
27813 2 0 1
34230 0 2 1
32963 1 2 0
36385 0 2 1
69153 2 0 1
22961 2 1 0
67822 1 0 2
57177 1 2 0
43856 2 0 1
55340 2 0 1
60560 2 0 1
6918 2 0 1
35795 2 1 0
8321 0 2 1
39862 2 1 0
31716 2 1 0
4139 0 2 1
50131 0 2 1
15084 0 2 1
37348 0 2 1
66236 2 1 0
33661 2 1 0
16247 1 2 0
3688 1 2 0
23989 1 2 0
33008 0 1 2
13620 2 1 0
41562 2 0 1
23667 0 1 2
45239 1 0 2
56230 2 1 0
54577 2 0 1
50991 2 0 1
58848 0 1 2
322 1 0 2
37671 1 0 2
8430 0 2 1
11466 0 2 1
23497 0 1 2
22670 1 0 2
60838 2 1 0
36963 1 0 2
20452 2 1 0
61414 2 1 0
8116 2 1 0
36352 0 2 1
29359 0 1 2
109 1 0 2
52750 1 2 0
34461 2 0 1
44019 1 2 0
65375 1 2 0
58842 2 0 1
5663 1 0 2
31036 2 1 0
60013 2 1 0
53869 0 2 1
42589 0 2 1
68508 1 0 2
36610 0 1 2
52353 1 2 0
41347 1 0 2
45601 1 2 0
66290 2 1 0
16871 0 2 1
61817 0 2 1
57475 0 2 1
31260 1 2 0
16183 1 0 2
5701 2 1 0
12009 1 0 2
27028 1 2 0
60869 0 1 2
55694 1 2 0
16768 1 0 2
66983 1 0 2
34264 1 2 0
40830 2 0 1
32946 1 0 2
42843 2 1 0
2128 0 1 2
32543 0 2 1
25694 1 2 0
11557 1 0 2
34316 1 2 0
30739 1 0 2
11676 0 1 2
18288 1 0 2
56680 2 0 1
53317 0 1 2
22693 0 2 1
65430 2 0 1
21010 0 1 2
39686 0 2 1
46707 1 0 2
64914 2 1 0
11895 2 0 1
42865 0 1 2
11191 2 1 0
15870 2 0 1
26598 0 2 1
27126 0 1 2
36611 2 0 1
35243 1 0 2
7701 2 0 1
38721 0 2 1
15 0 1 2
11939 0 2 1
18212 0 1 2
954 0 1 2
65222 0 2 1
33846 0 1 2
32857 1 0 2
23576 2 1 0
61350 0 2 1
63733 1 2 0
45517 2 1 0
13888 1 0 2
4025 1 0 2
1772 1 2 0
12254 1 2 0
23448 2 0 1
36262 0 2 1
3816 1 2 0
54710 1 2 0
4021 1 2 0
64157 2 1 0
28027 1 2 0
43855 2 1 0
21985 1 0 2
33557 0 1 2
49510 2 0 1
23869 1 0 2
46373 0 1 2
51570 1 0 2
29233 1 0 2
56403 1 0 2
56461 2 0 1
49683 0 1 2
17753 0 1 2
57294 2 0 1
62094 1 2 0
28036 2 0 1
41985 1 2 0
18754 2 1 0
61611 1 0 2
25720 0 2 1
27714 2 0 1
55459 0 1 2
54983 2 0 1
12978 2 0 1
20140 0 1 2
60042 0 1 2
26513 2 1 0
65032 2 1 0
17572 0 1 2
10065 0 2 1
23671 0 2 1
69522 1 0 2
60864 2 1 0
14767 1 2 0
38493 0 1 2
2746 1 2 0
37705 1 2 0
776 2 0 1
36765 2 0 1
10736 1 2 0
16370 0 1 2
10750 1 2 0
805 2 0 1
9765 0 1 2
19146 0 1 2
23743 1 0 2
5244 0 1 2
65119 1 2 0
46306 0 2 1
54131 1 0 2
22420 2 0 1
35505 2 1 0
13896 1 2 0
895 2 1 0
46952 0 2 1
31319 0 2 1
8209 1 2 0
2430 2 1 0
38747 1 0 2
59041 0 2 1
31949 1 2 0
1537 2 0 1
37691 2 1 0
41547 2 0 1
35578 2 0 1
8601 0 1 2
63172 2 1 0
48062 1 0 2
19768 0 2 1
57783 0 1 2
20750 1 0 2
52406 0 1 2
22007 2 1 0
62463 2 0 1
23918 1 2 0
57108 2 1 0
33588 1 0 2
44797 0 2 1
34875 0 2 1
9829 2 0 1
68438 0 2 1
36271 2 1 0
13889 1 0 2
54655 0 2 1
17073 1 2 0
44840 1 2 0
52944 0 2 1
2243 0 2 1
47209 0 1 2
590 0 1 2
49874 0 1 2
52375 1 2 0
54001 1 2 0
18784 0 2 1
45285 1 2 0
22185 0 2 1
20526 1 2 0
23615 0 1 2
23390 0 1 2
7183 0 1 2
33668 1 2 0
45981 0 2 1
65169 1 0 2
11143 0 1 2
66041 1 0 2
67681 2 1 0
64931 2 0 1
7146 1 0 2
55551 0 2 1
38019 1 0 2
7720 1 0 2
50189 1 2 0
44416 1 2 0
20886 0 1 2
52042 1 2 0
19684 0 2 1
40904 1 0 2
50715 1 2 0
10346 0 2 1
36430 0 1 2
62303 1 0 2
60087 2 0 1
48607 2 1 0
67529 0 1 2
67916 1 2 0
21494 2 1 0
44273 0 1 2
12126 0 2 1
69984 1 2 0
56381 1 2 0
57576 2 1 0
24829 0 2 1
36733 0 1 2
20844 0 2 1
161 2 0 1
20214 1 0 2
11510 1 2 0
53972 1 0 2
3145 1 0 2
3234 2 1 0
48722 1 2 0
2864 2 1 0
43658 0 2 1
63020 0 2 1
58517 1 0 2
56764 2 1 0
61970 0 2 1
21237 2 1 0
27512 0 1 2
64720 0 2 1
43553 1 2 0
47127 2 0 1
42752 0 2 1
19268 1 0 2
59309 2 1 0
63399 1 0 2
58818 0 2 1
35077 1 0 2
42740 1 2 0
10156 0 1 2
218 0 1 2
35406 0 2 1
56325 0 1 2
26700 1 0 2
42864 0 1 2
38539 0 1 2
51983 1 2 0
36239 1 2 0
35713 0 2 1
7324 0 1 2
31904 1 2 0
37474 1 0 2
21457 0 1 2
8334 0 2 1
39976 0 2 1
46990 2 0 1
14307 0 2 1
50375 2 0 1
67721 2 0 1
50689 2 1 0
1986 2 1 0
63696 0 1 2
43735 2 0 1
64420 1 0 2
13843 0 2 1
32706 0 2 1
2004 1 2 0
45165 1 2 0
57996 2 0 1
1555 0 2 1
25124 0 1 2
24182 1 2 0
44464 2 0 1
8251 2 0 1
40606 0 1 2
20993 1 2 0
8659 2 0 1
15257 2 0 1
44 2 1 0
53830 0 2 1
10656 1 0 2
22616 1 0 2
19515 0 1 2
19007 1 2 0
51536 0 2 1
13797 0 2 1
27199 2 1 0
52156 0 1 2
12457 0 1 2
8569 1 0 2
21391 0 1 2
27744 2 1 0
46520 1 2 0
47068 1 0 2
62694 2 0 1
7481 2 0 1
36101 1 0 2
42985 2 1 0
10953 0 1 2
53483 2 1 0
45597 2 0 1
64136 2 1 0
5265 0 2 1
30558 2 1 0
32461 0 2 1
20757 1 2 0
46085 1 2 0
9662 2 1 0
24138 1 2 0
5146 1 0 2
34081 2 1 0
56696 0 2 1
61838 2 1 0
5408 1 0 2
48439 1 2 0
22949 0 2 1
12833 1 2 0
14230 2 1 0
67283 0 2 1
801 0 1 2
46668 2 0 1
8548 2 0 1
20493 2 1 0
27280 2 1 0
32632 0 2 1
33827 2 0 1
59028 2 0 1
12307 1 0 2
39350 2 0 1
4815 1 0 2
25305 2 1 0
27069 1 0 2
54008 2 0 1
17830 0 1 2
31299 2 1 0
43717 1 0 2
59250 1 0 2
14738 1 0 2
62185 2 0 1
13356 0 1 2
23003 2 1 0
30285 1 2 0
59585 0 1 2
417 0 2 1
66658 1 0 2
27159 0 1 2
11339 2 0 1
28018 2 0 1
45052 2 1 0
29978 0 2 1
21069 2 1 0
41140 1 0 2
1894 0 1 2
10704 1 0 2
29501 2 1 0
14862 0 1 2
57192 2 1 0
30052 2 0 1
10284 2 1 0
7499 2 0 1
32900 1 2 0
52880 1 2 0
14343 1 0 2
66437 2 1 0
65116 1 0 2
3693 1 2 0
13685 2 1 0
5654 1 2 0
24444 1 2 0
51071 0 2 1
49261 2 1 0
48769 1 2 0
26410 2 1 0
50453 2 0 1
22957 2 1 0
56051 2 1 0
31543 1 0 2
51107 2 0 1
18770 1 2 0
61605 1 2 0
22343 1 0 2
20572 1 0 2
35734 0 1 2
1244 2 0 1
24723 1 0 2
44963 1 2 0
47220 2 1 0
8718 1 2 0
16392 2 1 0
47454 2 1 0
8161 2 1 0
19534 1 0 2
28795 1 0 2
28655 2 0 1
18610 2 1 0
4743 0 1 2
63842 2 0 1
12062 1 2 0
10107 2 1 0
38910 2 1 0
30192 0 2 1
66715 2 1 0
23842 0 1 2
6034 2 1 0
2113 0 2 1
48511 2 0 1
46297 1 0 2
15308 1 0 2
68305 1 2 0
30893 0 2 1
63165 2 0 1
8045 1 0 2
26564 1 0 2
64698 2 1 0
39958 1 2 0
34808 1 2 0
68904 2 1 0
11040 2 0 1
25736 1 0 2
64158 1 0 2
63750 2 0 1
24599 1 2 0
4579 1 2 0
63101 2 0 1
46098 2 1 0
23588 0 1 2
46246 2 1 0
68687 2 0 1
6898 0 2 1
58843 0 1 2
43501 0 1 2
3640 1 0 2
47638 2 1 0
27427 1 0 2
65716 1 0 2
29570 2 1 0
42076 1 0 2
27686 2 0 1
42594 0 1 2
3542 1 2 0
68548 2 1 0
13440 1 0 2
43625 0 2 1
22503 0 2 1
14471 1 2 0
10904 0 1 2
31219 1 0 2
57716 1 2 0
16299 2 0 1
12119 2 1 0
8359 0 1 2
23346 1 0 2
51566 0 2 1
68244 2 1 0
4448 2 0 1
4094 1 0 2
32766 2 0 1
42170 0 2 1
17696 0 1 2
69012 1 0 2
68586 1 0 2
65669 1 0 2
39553 0 2 1
36868 2 1 0
22454 1 0 2
42607 0 1 2
54238 0 2 1
28999 0 1 2
27355 1 2 0
39769 0 2 1
8964 0 2 1
47011 0 1 2
42776 1 0 2
2634 2 0 1
23672 0 1 2
24148 0 1 2
54395 2 0 1
50308 2 0 1
61121 1 2 0
47681 2 1 0
68521 0 1 2
3817 1 0 2
69826 2 0 1
40604 0 2 1
67695 2 1 0
4754 0 2 1
22530 1 2 0
36905 2 1 0
59471 1 2 0
8407 2 1 0
5162 2 0 1
22152 0 2 1
6181 1 0 2
57668 0 1 2
59066 1 2 0
53599 0 1 2
46898 1 0 2
53445 1 0 2
25482 2 1 0
2797 0 2 1
13141 1 2 0
55502 0 1 2
51219 1 0 2
13267 1 2 0
