59643 2
13715 0
53078 1
38962 1
21581 2
47519 2
24935 2
15746 2
38348 2
54528 1
61284 0
62865 1
44171 1
18780 1
44503 0
509 0
15702 1
43599 2
2486 1
8335 2
20163 0
21313 1
41730 1
54767 1
2203 0
24933 1
1090 0
44808 0
56005 1
14690 1
24144 0
7658 2
4010 0
51350 0
45670 2
49558 1
3469 1
13942 1
34924 1
7007 1
47729 0
65497 0
42409 1
23793 1
37992 1
59253 2
12549 2
39781 0
24294 1
1372 0
16479 0
57450 0
36759 0
44098 2
22180 2
10363 2
8885 1
29253 0
45153 0
58246 0
66215 1
26904 0
18301 0
16878 1
32658 0
48723 0
52931 0
11506 1
1096 1
68600 2
53374 1
38556 1
10245 2
23030 0
37626 1
24165 2
67336 1
67012 0
43365 0
25660 0
1940 1
63527 1
56132 2
62010 1
59394 2
43524 2
50119 0
41076 0
56473 1
38696 0
65023 1
12019 2
67010 0
57097 0
65108 2
21968 1
12146 1
46807 1
40313 1
59094 1
17340 0
28125 2
64740 0
60045 1
30980 0
63572 2
20453 2
65453 0
38601 0
24087 1
21928 1
37824 2
29971 0
6461 0
51139 2
45819 1
65061 1
8970 0
1245 0
62066 1
51208 0
46366 2
38583 1
6061 1
68129 1
49466 1
55077 2
58126 2
54140 1
38145 0
47186 1
52714 1
1260 0
22747 2
3627 1
15282 2
61875 0
65386 1
44602 0
7627 1
21822 1
21197 2
9781 0
32062 1
53608 1
43185 2
19010 2
53105 1
5765 0
42810 0
66780 1
16881 0
41304 1
8663 1
68858 2
64984 0
36637 2
52046 0
46211 0
2044 1
38303 2
66662 2
45808 2
57765 2
66384 1
26951 2
44909 0
66833 2
63902 1
62275 0
54787 0
49080 0
64246 0
43068 1
58295 1
35881 1
6799 2
18181 0
21622 1
54996 0
22058 0
68531 0
42898 0
45203 0
10835 0
2013 2
36929 2
20227 1
43995 2
15958 0
4043 0
68797 2
28932 2
29455 0
37908 0
8990 2
66611 0
11931 0
61770 0
26785 2
64303 2
27446 1
36284 1
32324 2
21092 1
53961 2
44309 0
38258 0
63798 1
59088 1
52097 2
63337 2
20638 1
22129 0
28647 0
54191 2
33946 2
2564 1
21493 1
30225 0
6295 1
66868 0
66495 2
58462 2
42890 0
6082 2
52324 0
44591 0
48926 2
41574 2
27464 2
34419 1
10258 2
6230 0
47578 1
28649 1
22795 1
44918 2
55671 2
66270 0
31897 0
43283 2
21329 2
12151 0
63318 0
35590 1
48234 2
37502 1
29625 1
63361 0
35733 2
14171 0
41442 0
53499 1
14811 0
49738 1
19691 2
13826 0
35054 2
6952 1
11256 0
64486 2
12604 0
13089 0
2042 0
32061 2
55302 1
31054 1
65656 0
57132 0
25614 1
21272 0
59462 1
17544 1
52861 1
7891 1
59260 1
13604 1
52844 2
16515 2
55270 2
66675 0
35047 2
34163 0
49930 2
10265 2
36049 1
21954 0
13420 2
68944 1
52946 2
25122 0
35404 2
27941 2
63680 0
35760 2
13278 2
31567 1
17882 0
9593 0
2557 1
51288 2
1162 0
490 0
7337 0
47042 2
3073 1
39352 1
23353 2
41763 1
42383 2
27638 0
6226 1
65901 0
14640 0
67116 2
29768 2
43710 0
61174 1
63047 0
52517 1
8440 1
57275 1
55224 1
7445 2
58344 2
49481 1
8347 0
48387 2
8380 1
41371 0
49219 0
50113 1
53763 1
11380 0
25548 2
62280 1
67275 2
3183 0
36598 2
63644 2
22719 2
68616 2
38377 2
9144 0
17977 2
3522 1
30592 0
67631 0
25883 0
54031 2
14737 1
34058 2
23187 1
53928 0
2866 1
44247 1
45011 2
30876 2
41113 1
8537 0
52072 0
24850 1
55618 0
10225 0
43829 2
32453 1
28277 0
22805 2
40115 2
38639 1
52452 0
26892 1
53746 0
8521 2
56558 1
28620 1
21659 0
67252 0
27353 2
45982 2
9042 0
19431 1
21814 2
10304 2
37416 1
11832 2
55032 1
63524 2
6921 1
3334 0
11119 1
69572 1
4808 2
25457 1
48910 0
23321 1
34136 0
53833 2
36374 1
43595 1
2702 1
1379 2
61995 2
69879 2
2225 0
49275 0
31991 2
20829 0
33443 1
47280 0
12937 0
57890 2
32770 2
5975 2
53439 2
69078 2
45329 0
3843 0
50940 1
66352 0
162 1
59055 2
40619 2
69497 1
32922 1
49337 1
65697 0
49382 1
41692 2
18889 1
21421 2
5849 2
23441 2
5026 1
16396 2
9756 0
39266 0
18676 2
17171 1
11111 1
18843 1
54320 2
1121 2
4885 2
58211 0
39018 1
65272 0
30972 0
64414 0
43172 1
23314 2
68100 0
39709 2
57964 2
20827 1
67522 0
66633 2
66503 2
47307 0
34408 0
30634 0
13752 1
57314 1
47512 1
21912 2
69813 0
15152 1
51301 0
20659 2
42760 2
18132 1
30252 1
62351 0
23098 0
10479 1
40043 1
36220 2
48020 2
23818 0
32038 1
37168 1
57395 1
6250 2
39438 1
51902 2
21380 0
24970 1
23996 2
54205 2
15974 0
4914 2
24945 0
40787 0
10757 1
51170 2
60178 0
31865 2
23349 2
24445 2
53845 0
15627 0
44670 1
23906 0
12694 2
1045 2
18482 1
43998 0
44000 1
3007 2
26606 2
57908 2
51700 0
33990 1
23604 0
46913 1
9637 1
56956 1
34349 0
29411 0
68001 2
56211 2
61642 0
31336 0
37829 1
56376 0
22406 2
3626 1
26738 0
41806 2
59206 2
67005 0
64262 0
24804 1
17001 2
67425 0
57065 0
45368 1
19428 0
42841 0
64966 2
56880 0
54956 0
32121 2
22816 2
68554 1
3696 0
54021 2
18357 2
52262 0
62597 0
59991 0
59381 1
6258 2
6800 2
24453 2
67881 0
50115 0
64501 2
11098 1
62247 2
44815 0
63339 1
65364 0
7994 0
42207 0
65131 0
68067 2
19360 2
25765 2
876 2
66460 1
57535 2
61859 1
49200 2
51883 0
14312 2
25760 0
29999 2
52466 1
60944 0
22311 2
60383 0
1342 0
5583 0
63922 1
18050 2
44102 2
60935 0
54018 1
62055 0
29981 1
55156 0
30080 2
6563 0
12312 0
28776 0
45416 1
23980 0
62081 1
27931 2
43350 0
45495 1
61253 1
38972 2
8417 0
5255 1
56835 0
19766 0
12090 0
40541 1
62356 1
18198 0
17018 1
39702 1
15616 0
10141 0
33777 0
64970 2
42373 1
37162 2
35427 1
36193 0
32313 2
42703 0
51233 1
39078 1
63420 0
61016 2
57602 1
22562 0
14301 2
3893 2
34317 1
12054 2
43543 1
1939 0
34867 2
3809 1
61517 2
42840 1
1113 0
17519 2
27924 1
23752 0
30055 1
65090 1
59172 1
13689 0
51328 2
25415 2
52071 1
26250 1
34463 2
28257 0
32969 2
11721 0
27883 1
54440 2
17282 2
48169 2
24277 1
54380 1
42828 2
59432 1
67708 1
20467 1
19440 0
52600 1
30584 1
24076 1
7827 1
67300 2
47700 1
5993 2
50423 2
67268 2
56341 0
6010 2
33767 0
14502 1
13306 1
6495 2
22376 0
51864 1
67383 1
46510 2
66135 1
32479 1
27484 1
57970 1
8110 0
30745 1
60729 1
12842 1
34268 0
46267 2
44800 2
27257 0
45442 0
57818 1
56896 0
57971 0
40164 0
7171 1
56961 0
22102 1
10780 0
11974 0
45078 2
9875 2
28 2
8358 1
21854 0
7853 0
59113 2
26605 2
37127 2
44367 0
36230 0
46876 1
56870 2
20308 1
39502 2
38207 2
46032 1
57374 1
3154 0
64792 0
23662 2
58898 2
67807 1
55689 0
7500 0
1845 1
55206 1
7297 0
6720 2
14078 0
4140 2
41520 2
56860 2
43308 0
37429 1
38098 2
60244 0
3220 0
20517 2
63876 0
56624 1
33529 2
7689 2
18902 2
30349 1
48049 0
41568 1
35570 1
49068 1
1686 1
7952 0
16842 1
57631 1
45431 1
31245 1
42860 0
8849 1
27067 1
3604 2
66359 1
2500 0
34096 1
23910 2
27043 1
65441 1
25806 2
54397 0
62087 1
60841 2
36520 1
15087 2
53598 0
37522 2
8977 1
21462 0
46316 0
42929 1
11932 0
18275 1
13322 1
52372 2
11661 0
52966 2
26879 0
52182 1
45310 2
18859 2
43815 0
6160 2
26074 2
60884 2
42375 0
25316 0
44475 2
63870 1
21315 0
2098 0
13190 0
56907 1
5085 2
21621 1
48195 2
67109 0
103 0
19907 0
4212 2
9785 0
5702 1
42426 2
65721 2
24268 0
40454 1
49648 0
57694 0
15017 2
12303 0
69741 0
1522 0
12051 1
10083 0
51351 1
12199 0
65571 2
32843 0
10536 1
28689 0
39756 2
53663 2
18422 0
45608 1
13534 1
54061 0
66864 1
56759 1
24216 0
40633 2
23076 2
28024 2
57738 2
37248 2
40730 2
32279 1
40161 0
9995 2
25764 2
52044 1
8163 2
7667 0
64339 1
37592 0
62255 1
9895 2
40942 1
31601 2
21305 0
21810 2
12424 0
12619 1
41734 1
25770 1
57224 0
68330 1
59807 0
29220 0
4631 1
33602 2
46466 0
54611 2
23381 0
53858 2
30891 0
7705 0
5520 2
41612 0
11982 2
5239 1
19354 0
16576 0
17397 2
63161 1
595 0
50044 0
39064 1
24556 0
46281 2
32084 2
36754 2
46868 0
29371 1
48278 2
10106 2
65413 2
28671 2
36174 0
61380 0
12949 0
12676 2
51153 1
43284 2
47486 1
6169 0
50605 0
44709 0
33705 0
9714 0
17043 1
15668 1
61967 0
57305 1
48472 0
28291 1
68444 2
18232 2
2681 0
1598 2
65234 1
59929 2
13763 0
20390 2
11962 1
33261 2
66959 1
17760 2
66021 1
28651 1
5504 1
16903 2
25280 2
31482 0
26372 0
34340 2
12767 2
59015 2
5339 0
23781 2
21855 1
30542 1
64971 1
65299 0
43948 2
17445 0
39664 2
45478 0
51464 1
32314 0
29763 0
6804 1
45713 2
28859 1
45847 1
1175 1
4294 2
30005 1
24130 0
61314 2
56800 2
27195 2
38665 0
47522 1
27301 2
14621 2
37455 2
30905 0
25785 0
8698 0
49709 0
60325 2
47551 2
64127 0
63788 0
30045 0
16709 0
37948 2
37003 0
48444 2
15265 0
18725 0
5852 1
54280 1
64944 0
47817 1
12831 2
47852 0
30305 1
47999 0
37250 1
56406 1
29419 2
31992 0
27600 0
48019 1
33002 1
56893 0
49852 2
7764 2
11203 1
26463 0
31828 0
59647 2
61597 2
58716 2
18237 1
42747 1
22759 2
5891 1
55600 0
20341 0
33927 0
49711 2
60020 2
17426 1
53786 0
13391 1
50668 0
66592 1
24053 2
21211 2
35301 2
39865 2
7995 1
48826 0
53004 1
1616 0
7479 0
43852 2
37389 2
64960 0
42424 1
51690 2
55213 0
42938 1
45278 1
10475 2
8650 0
53417 2
24251 1
6265 2
16093 1
15619 0
60519 1
49487 0
37678 0
1019 0
44210 1
24855 1
64346 0
8501 1
25423 0
31840 1
41622 2
67469 2
3719 2
65033 1
47327 2
53137 2
8196 1
12928 0
22645 2
57119 0
3025 2
15040 2
20463 2
52296 2
19866 0
45316 1
68566 2
27688 1
5221 1
24868 0
17477 2
26177 2
12552 1
2698 1
68249 2
3401 2
48946 2
43999 2
23860 2
54277 1
10857 2
37498 0
3796 1
24670 2
30375 2
39874 0
36129 1
19523 0
48377 1
18450 0
15235 2
16113 2
27783 2
63908 0
50294 0
54288 0
36780 2
67213 0
8693 1
40918 2
69974 0
54486 1
27311 1
48136 2
67036 0
35527 1
3053 0
52440 2
27244 1
32513 1
12391 0
61339 2
15559 2
65372 0
29487 2
57806 2
16168 0
2000 1
55318 2
29798 0
23570 0
40163 2
57233 0
28148 2
56786 1
27996 2
67453 2
53571 1
8875 2
14282 1
24285 2
1781 0
41188 0
31115 2
10980 2
22852 0
59385 1
19582 2
1697 2
42546 0
15478 0
13112 1
22042 0
53438 0
31465 2
69381 2
58166 0
63030 1
54546 0
4181 0
40827 2
6097 2
63382 2
60635 2
50913 1
22523 0
59131 0
41691 1
43093 0
7938 2
42670 2
28147 2
57372 1
7308 2
67650 1
37929 0
66426 1
48704 2
21088 0
65012 0
914 1
64202 0
39978 2
51810 2
42586 0
9543 0
36856 1
3210 1
3168 0
57402 2
10158 1
52091 2
27864 1
41368 1
2898 2
36937 0
7067 2
11744 2
7104 0
35457 2
29512 0
48996 0
7924 2
20977 2
27275 1
68931 1
230 1
38071 0
20313 0
4753 1
40153 2
62031 0
58746 0
20087 0
18946 2
14087 1
43572 0
56191 2
26906 2
10381 1
15953 2
15395 1
56127 2
31947 1
21665 1
11576 1
29788 2
63811 0
54372 0
48591 1
24136 2
44640 2
38434 2
68801 0
10051 0
44143 1
38514 1
14903 0
50882 1
35659 2
16279 2
68332 0
6493 1
57888 1
64856 2
17232 0
4746 2
57353 1
4369 0
12564 0
68274 0
56761 2
59056 1
17841 1
48162 2
38222 2
42457 2
59430 2
41833 0
59296 2
67040 1
20170 2
39805 0
48259 1
14023 0
22484 2
54339 0
22236 1
21633 0
49963 2
20611 1
20019 1
67586 1
55698 1
24281 0
67962 2
57530 2
52824 2
53804 2
50067 2
42861 2
67364 0
14120 1
50157 2
14439 2
47038 2
67508 0
68036 0
69288 0
7564 1
17377 1
32977 1
18856 2
26370 2
65282 1
16848 2
22818 0
23021 1
53685 2
53285 1
66474 1
66258 0
37291 1
53823 1
20797 1
4852 0
31368 1
69312 2
30554 0
12761 0
24036 0
50094 2
10321 1
48347 1
16345 2
65771 2
12157 0
39947 2
61901 2
64491 1
48856 2
20437 0
48699 2
4524 1
27831 1
31891 2
46331 2
11675 0
64299 2
12814 1
35818 0
29095 1
55612 1
13050 0
36092 1
26433 1
31025 1
35844 2
34454 1
60848 0
54955 1
30836 1
31373 2
42442 0
52011 2
47751 2
18244 0
35878 2
31290 0
47769 1
22652 1
2853 0
19097 0
61563 0
23121 0
21754 1
48546 1
67065 2
63177 0
33258 1
52837 2
21993 1
42762 2
56479 1
48512 0
47365 0
64502 2
37863 0
37998 2
38097 2
64853 1
24406 2
23323 0
10975 1
18538 1
34104 0
42468 0
2174 0
18562 2
59223 0
9171 0
67613 1
18239 2
329 2
266 0
56203 1
41259 0
41186 0
52245 0
12097 1
3180 1
65308 1
29372 2
56731 0
26173 0
51461 2
18030 1
62189 1
35517 0
10986 0
45040 1
30463 1
31167 1
4997 0
40358 0
2369 1
69208 0
21366 0
16236 0
35349 2
55604 0
13305 1
16351 2
53073 2
55541 0
15949 2
60084 0
34951 1
6516 0
61025 2
24980 2
57991 0
49663 1
56878 0
45833 1
41065 1
29243 0
60369 1
32783 0
7707 1
29277 2
27324 1
55263 0
54862 1
35966 0
11218 0
4665 2
4009 0
63917 1
31134 2
6525 2
12894 1
58711 0
52894 1
775 0
17003 0
41131 1
48000 0
45717 2
61802 0
26933 1
41940 1
26388 2
66334 2
2401 2
38170 0
27053 1
68289 0
49769 1
50273 1
12594 1
9720 1
65855 2
47286 2
58707 1
36971 0
41843 0
32185 1
19422 2
40253 0
24768 0
14340 1
38161 0
37900 1
40389 1
9400 1
23814 0
7340 2
14673 0
41540 2
2611 0
62540 0
45795 2
46836 1
250 2
45088 2
18523 0
20181 2
61885 2
60015 1
44913 2
13527 2
10504 0
47420 0
32446 0
50883 0
21033 1
65391 1
59983 1
20672 0
53369 1
12812 2
20460 2
3102 0
53970 2
890 1
58435 0
22403 2
49797 2
13999 0
50078 1
20995 0
47844 1
60755 0
59584 0
38513 1
10364 1
23458 0
7806 2
19233 0
21995 2
58116 0
61960 2
48691 1
37045 0
25147 2
67393 2
58193 1
29159 0
18724 2
3577 0
46253 0
28624 2
18805 1
23266 2
42305 1
30462 0
29955 0
58595 2
28180 0
57519 0
37962 2
58652 0
49326 0
22604 1
46154 2
64005 0
53476 1
3915 0
13929 2
61259 0
34491 2
41855 1
23907 2
69506 1
44490 0
19911 1
68908 0
36812 0
40618 2
53790 2
49414 1
65216 1
67348 2
18568 0
13833 1
28303 2
16217 1
3331 0
19250 2
54871 0
11961 2
30079 2
61212 0
34182 1
51788 1
40889 1
39654 1
26323 1
5086 0
44005 1
62141 1
6688 0
16325 0
3096 1
10105 2
44192 2
53178 2
742 1
27328 0
34385 0
45156 1
21225 2
44185 2
30974 1
16918 0
64061 1
14769 2
62230 0
4309 2
49686 0
14437 0
5774 1
57523 1
48712 1
28736 1
31838 0
7039 0
45301 1
38996 2
38156 2
69175 1
39455 1
5330 2
971 0
50929 1
26322 0
53030 1
42555 2
16788 2
3231 2
33805 0
29901 1
21965 0
62405 2
10833 2
40402 1
43785 0
17140 1
25819 2
4035 2
69126 2
69945 0
51456 1
55971 2
38995 1
46632 1
13260 2
68966 1
2642 1
60199 1
4261 1
46157 1
54330 2
17317 0
43958 2
35650 1
38700 0
14988 0
56250 2
28306 0
10196 0
34727 0
52033 1
39440 1
13426 0
21514 0
26091 0
1394 2
58626 0
29691 0
7878 2
19965 2
63954 1
52172 0
67168 0
19760 0
17510 2
29009 0
63196 0
68731 2
14385 0
59795 1
55117 1
16004 1
53881 1
45087 1
19070 0
1023 0
59716 1
136 1
62983 0
4187 1
6183 2
58163 0
33185 2
31106 0
57824 0
25360 0
32465 1
62646 1
20081 1
30952 0
41862 2
54315 1
50314 2
31420 2
58509 0
61752 0
21006 1
28790 1
5489 0
41174 1
29471 1
2604 2
53817 0
6745 0
28695 2
69329 0
19521 2
69517 0
22720 2
41365 1
37736 0
28250 2
26694 2
31307 2
6150 1
46963 0
26701 0
43532 0
5453 1
58958 0
64331 0
38907 0
4641 0
67093 2
68421 1
25374 1
8383 1
26695 1
7666 1
13675 0
33372 2
9876 2
62503 2
4640 0
27455 1
7291 1
14062 2
9564 2
37612 2
13690 0
69859 1
38916 0
28471 0
43980 2
48550 0
63285 1
16526 0
32311 0
12013 1
42394 0
9217 0
30793 1
18010 0
8007 1
42585 1
33940 1
13174 2
48779 2
40011 1
36223 0
495 0
31514 1
64050 2
13283 1
45558 1
16915 2
61889 0
68661 0
36925 2
9167 2
64593 2
11947 1
22834 0
19877 1
58628 1
64896 2
17966 0
6334 2
15749 2
48286 0
39278 1
66487 2
60899 2
27216 1
45855 2
37634 1
41604 2
13192 1
5967 0
55372 2
14175 1
17921 2
32285 0
37795 2
19614 0
28263 2
45543 0
9673 1
18321 1
2785 2
10640 0
20356 0
48876 2
57634 2
31414 0
57085 0
12374 0
15819 0
8741 0
38177 0
13780 0
38630 1
66344 2
39823 0
13682 2
23447 1
24181 1
35310 1
40262 2
33201 0
69277 1
12484 2
28373 2
33638 0
66335 2
62153 0
52891 0
48510 2
12045 2
9677 0
66454 0
40228 2
10699 2
54842 0
51914 1
8796 0
66620 0
39066 0
56775 2
62396 2
16431 0
42446 1
28118 0
61047 2
31568 2
29863 2
63936 2
24625 1
55984 1
4565 2
13208 1
68209 0
2436 2
217 2
49324 2
7298 1
16036 0
59605 0
15621 1
51312 1
46068 1
34325 1
54366 1
26788 1
746 0
58453 2
11045 1
24678 1
64330 2
67775 1
45554 2
14961 1
25092 1
18405 2
57443 1
50421 2
50190 2
37864 1
29677 0
52159 1
62981 0
12224 2
50814 1
55931 0
43711 1
57288 0
64228 2
48093 1
48767 2
33157 2
35409 1
12739 1
39062 2
58979 2
59784 2
30975 1
16389 2
20602 0
11465 0
59337 1
8983 0
58417 1
52104 2
21425 1
27696 1
24075 2
57708 0
6234 2
23148 0
51940 1
21102 2
4853 2
19823 1
68764 2
38990 1
24587 0
37665 0
44728 1
40858 2
20752 2
11918 1
57302 2
24720 2
34400 0
19913 2
33345 0
46657 1
53692 2
4168 2
42077 2
13487 1
57339 2
5294 1
30178 2
21050 2
17476 0
8469 2
29670 0
6785 0
42372 1
17615 1
61612 1
31654 1
62243 0
10393 2
43427 1
4567 2
15511 2
5719 0
37930 2
7399 1
17190 0
38712 2
27017 1
681 2
65141 2
69431 2
19576 2
27730 2
56363 0
43916 2
46635 2
40135 1
19500 0
69030 0
49829 0
62977 1
22862 0
3275 0
10139 2
46586 2
30008 2
66376 2
42688 0
47579 2
67459 1
16319 0
23845 2
21166 2
43640 2
28822 0
27241 0
11002 0
39545 0
13450 1
25121 2
7210 0
3985 0
59073 2
66157 1
44987 1
44849 2
3336 0
23342 1
12486 0
21888 2
34545 1
30532 0
20317 1
37238 2
7412 0
22426 1
24762 1
28199 1
39854 1
10601 2
4128 2
62220 0
62116 0
14491 1
9766 2
20841 0
34172 0
45247 0
49346 2
52793 2
38426 1
66435 2
5690 1
22489 0
31602 0
62063 2
12003 1
16224 1
1275 2
11148 1
46064 0
35232 1
4256 2
55377 1
11920 0
28982 0
55068 2
35168 0
36618 1
63076 1
27720 1
11951 0
37562 1
9312 1
6817 0
30832 2
32222 1
31778 0
13808 2
38481 0
19854 1
66040 0
5056 1
5637 2
35144 2
67978 0
28184 0
67724 1
52288 1
7537 1
7264 0
24401 1
12644 2
4750 1
68507 1
63262 1
2003 1
352 1
19411 0
44486 1
54625 2
58965 2
57772 1
54198 2
48334 0
11402 2
32601 1
416 1
10034 2
7625 1
53777 2
50686 2
28381 0
41359 2
21937 1
56499 1
34599 2
46667 0
47832 2
18645 1
2837 0
61077 1
3866 0
25835 0
36097 2
3354 1
54804 0
53530 0
68197 0
43731 1
9922 0
50757 2
65820 2
7657 0
17844 2
28120 0
39751 1
20009 2
49370 2
49257 0
53939 0
48904 1
6739 2
55152 0
33550 1
8365 0
49379 2
6151 0
35684 2
9630 1
1926 1
45162 2
68728 2
48800 2
36480 1
27921 0
21359 2
41609 1
61609 1
32694 0
65905 1
59740 0
19943 1
6256 1
25432 2
69053 1
58001 1
31893 0
52388 2
33358 0
57624 2
32871 0
40088 2
29952 0
5393 0
10821 1
56174 2
32772 0
11773 2
58354 1
36233 2
11629 0
4890 1
48324 0
65645 2
24780 1
51678 1
14468 0
65581 2
4391 1
66241 1
17730 2
59224 0
57559 2
57470 0
13339 1
18326 2
69007 1
47651 0
1251 0
16018 2
27819 1
69798 2
47373 0
23955 2
7631 2
52961 0
41697 0
60719 0
61457 0
2994 1
69687 0
43838 1
58440 1
60156 2
43491 2
17890 2
27433 0
24200 1
62324 1
54658 1
38860 0
22912 2
32228 2
4211 1
37633 1
14809 2
68668 1
63849 2
60451 1
20465 0
50644 0
23097 0
29860 0
13582 0
39328 2
38536 0
48039 2
18906 0
23091 1
28241 1
61736 2
49474 0
30729 2
60685 1
54 2
22680 1
5319 0
12988 1
7049 1
727 1
68641 1
28055 1
10829 1
16413 1
28666 1
12616 2
26005 2
12140 2
56206 1
60938 0
13560 2
52885 2
13413 0
19516 1
28316 1
33184 1
18812 0
4060 2
46794 1
47006 2
45445 2
17161 1
4458 0
17480 0
41605 0
63044 1
27185 1
54516 0
42335 1
54965 1
51078 1
68637 2
8642 0
8356 0
20774 0
33371 0
24413 0
67210 1
18879 1
24566 0
35237 0
13446 0
64586 0
67214 2
64125 2
65450 2
35411 2
24944 0
12961 2
41662 2
61130 0
40669 2
42227 0
35020 1
52415 1
68385 2
18694 2
33951 0
62693 1
26434 0
44683 2
33023 1
54082 2
56758 2
6879 2
66792 1
4980 2
15340 2
68695 0
38633 2
22648 0
14559 0
67997 2
23995 2
61490 0
22086 0
58405 0
782 2
43827 1
20084 2
22623 0
60411 0
32046 2
23911 1
36620 1
32178 0
40804 0
25511 0
68942 0
29658 1
42523 2
35663 2
59962 1
64383 2
7447 0
26662 2
31848 2
60633 0
49576 1
11737 2
43984 2
15954 1
15935 2
13456 0
38930 1
62889 2
9454 2
18500 0
35889 0
30950 2
20715 2
5182 1
9068 1
34448 1
60344 2
23173 1
68430 1
25653 0
38645 2
30195 0
27657 2
35093 0
12626 0
32712 2
57352 1
16991 2
20987 1
18442 2
8918 0
42658 2
5532 2
4970 0
38096 1
64581 2
21187 2
59727 0
9626 2
56184 0
3919 1
10213 0
27809 0
7684 2
21611 2
26243 2
58468 0
43799 0
51767 0
36886 2
4999 1
52724 1
20542 2
60805 0
33834 1
41987 0
60396 2
34910 1
16327 0
51753 2
30440 2
38417 2
24199 2
4215 1
47223 0
67103 0
20814 2
5790 2
9753 2
25988 0
57425 1
55999 2
34123 0
69118 0
62102 2
16259 2
26873 0
49534 2
3849 1
67844 0
14601 2
57205 2
46400 2
44817 1
34544 0
57242 0
41236 0
26949 2
5001 0
9550 2
7785 2
54079 2
50405 0
12278 1
31309 1
38038 2
20352 0
4677 1
7014 2
39244 2
8447 1
14063 0
23802 0
31176 0
37384 2
62757 2
65693 0
26485 1
2724 0
12847 2
17982 2
27387 0
50558 0
58051 0
30220 1
52819 2
55528 1
63241 2
56391 1
42754 1
23319 0
15725 2
16243 0
24513 2
69540 1
5959 0
48229 0
55840 1
57086 0
37614 2
22254 1
28525 2
35214 0
31377 0
60508 0
23234 1
24713 1
30719 2
34345 1
69149 1
47513 2
61914 1
27153 1
39981 0
61554 2
64060 0
43133 1
58902 2
3756 1
51229 1
61021 1
14991 1
11938 0
53873 0
52878 0
14166 1
65058 2
31088 1
40205 2
56143 2
64079 0
12079 2
67352 0
9035 1
64146 1
39125 1
29381 2
32759 1
27836 1
45602 2
35665 2
58853 1
53943 2
50070 0
62560 2
31075 2
55194 2
43052 2
43801 2
62224 2
4834 0
11294 0
20175 0
62228 0
9259 0
49837 0
51911 2
61342 0
7799 0
145 1
15366 1
41761 1
69713 2
65648 2
67700 2
56104 2
63570 2
31614 2
60731 0
36848 0
67074 1
57936 2
12056 1
23575 1
22766 1
5258 0
1754 1
68409 2
50687 1
4817 2
7394 1
27004 0
46774 1
833 1
43202 0
3537 2
40 2
1374 2
359 0
2312 0
60336 2
29637 2
40240 1
31076 2
63061 1
36057 1
48135 1
68855 1
13742 0
59812 2
24631 2
68636 2
57099 1
45425 2
49979 0
14363 0
8022 0
50784 2
51443 0
40139 2
47592 0
22615 0
54681 2
25073 2
52483 2
1752 0
25044 2
39406 0
18427 2
64884 2
4335 2
43402 0
48099 1
3850 0
21721 2
32362 1
44593 1
58256 0
17258 2
38468 2
33386 1
65201 1
10974 2
47861 1
24150 2
36934 1
20197 0
68222 1
7231 0
62874 0
37916 1
32266 0
48294 2
38372 0
63225 2
22634 2
5633 2
22838 1
58073 2
6381 2
65009 1
51492 1
7056 1
36729 2
56754 1
59610 2
50022 1
130 1
7385 2
25762 0
8912 0
23510 1
47258 2
52488 1
19397 0
9944 2
4134 1
58445 2
15412 1
19321 0
31676 2
41269 0
55859 1
20419 2
3346 2
41677 2
68293 2
64357 0
20223 2
30849 2
48719 1
45953 0
35425 2
56412 0
46752 0
9911 1
5029 0
20347 2
53622 0
49851 0
67114 0
26922 2
67302 0
40420 2
56180 0
18168 1
17903 0
68594 0
41703 2
49500 2
40368 0
38451 1
12952 1
41422 1
68555 2
41517 2
56952 0
61992 2
44207 1
14590 0
26914 0
69155 2
41679 1
20860 2
68916 1
57410 1
19743 1
38499 2
8126 1
54553 1
16298 0
43488 2
63940 2
56994 0
34369 0
23690 1
60953 1
13312 0
33138 1
19380 2
12293 0
48251 0
55927 1
54555 1
67655 1
54967 2
48355 2
67225 0
24469 2
61162 1
1034 0
13926 0
21163 2
55940 1
67454 0
48435 1
8016 0
66804 1
1630 0
64850 2
320 2
64836 0
11194 1
1184 2
58569 2
68069 1
7189 2
48529 2
62804 2
13709 2
67641 0
44903 1
52791 1
9514 2
38806 0
551 2
40585 2
42109 1
57243 2
44426 1
45258 0
23642 1
25618 0
14395 1
56703 0
5837 0
27980 0
66924 0
44772 1
69294 0
2086 0
54247 2
3803 2
18084 2
3260 1
43973 2
43208 1
62282 0
24754 0
18640 1
51513 0
62695 0
19539 0
23829 2
16333 1
60599 1
6291 0
66449 0
9051 1
63330 2
67100 1
47121 0
52667 0
1318 0
19232 2
14233 1
51397 2
42892 1
56634 2
55938 2
66525 0
57723 0
41360 2
65214 0
54156 0
30583 1
29284 1
3051 1
2541 1
62440 2
52562 1
5528 0
60559 1
63111 1
4583 0
39861 2
32605 0
5417 2
58609 2
67159 2
58062 0
11030 0
34998 0
44534 2
12238 0
28223 1
36435 2
59926 0
50074 2
51135 0
26289 2
59214 2
35431 1
7743 1
9896 1
3857 2
56679 0
2553 0
18957 0
44571 1
69615 1
52976 0
32203 2
69033 0
12707 1
32435 2
27721 1
31796 2
9325 1
46956 0
27094 1
36638 2
26941 2
9789 0
45552 1
29854 2
275 0
4380 2
35742 2
32896 0
28447 2
65818 1
34697 2
27019 0
28448 1
25638 1
62122 0
65821 2
67682 2
24161 0
12024 1
39851 0
33700 1
39404 0
12017 1
24026 0
1777 0
24874 1
5757 2
16756 2
28430 2
35143 1
33955 1
55359 2
10397 2
15276 1
18401 2
26374 0
45787 0
902 2
65506 2
33956 0
26523 2
15476 1
46429 2
63053 2
16760 0
25502 0
46871 0
27428 2
64721 0
55987 1
22410 2
53540 2
29285 2
24635 1
31275 1
67477 2
19602 2
30464 2
53295 0
59925 0
996 2
26320 2
43406 2
67328 2
50735 2
40383 1
34069 0
17503 1
41463 0
26900 0
39825 1
24384 2
35490 1
57823 0
61040 2
45243 1
50944 0
60682 2
47013 1
53020 2
6437 2
18492 2
16549 0
35051 2
39539 1
25678 1
65598 1
58662 2
61059 1
66033 2
26559 1
65628 0
60216 2
37314 1
37751 0
46350 1
24435 1
10217 0
65566 1
61594 2
23328 2
52703 1
25651 1
27419 0
15614 1
9809 1
10234 1
57521 2
47449 1
14422 2
69240 1
39745 2
3776 2
55140 0
3403 1
591 1
11779 1
42588 2
2249 2
43163 1
39852 1
45821 0
36595 0
20694 2
2171 2
48551 0
49937 1
53578 0
68169 2
7917 2
46798 0
32413 2
15004 1
61242 2
55357 0
6195 2
62042 1
4417 0
42494 1
30507 2
26102 2
43615 1
65840 2
55399 2
13093 2
5010 2
61234 0
47716 0
59513 0
63592 1
12184 1
52336 2
68779 0
50049 0
63107 1
24219 2
64120 1
39959 2
69663 0
39314 2
21647 1
39734 0
3953 1
10572 2
41863 2
36949 2
27435 1
46080 2
13673 2
8980 0
64935 0
67312 2
37187 2
13687 2
53589 1
17537 1
9133 2
16621 2
58655 0
62451 0
62448 2
57429 0
37504 0
26608 2
47050 2
64858 0
1623 2
15836 2
51483 1
40738 1
20444 2
14721 2
30701 1
4226 0
30626 2
15090 2
9627 1
32787 2
53365 0
39347 0
43209 2
14536 2
43320 0
33329 0
41072 0
1155 1
45699 2
65610 0
26503 2
42214 0
53423 2
60173 0
45366 2
68972 2
62550 1
3485 1
51797 0
33860 1
6133 0
41087 1
69264 2
57330 1
12240 2
7751 2
3885 2
47870 0
67427 1
9286 2
57730 1
59996 2
51976 0
4151 1
27834 2
1732 1
65210 1
11031 0
41770 1
38402 2
2285 0
69568 2
939 2
40214 0
21095 0
1579 0
67415 1
47207 1
7652 0
49823 0
6313 2
8378 1
54144 1
1684 1
59281 0
53010 0
56307 0
41956 1
59294 0
59622 1
50692 1
42252 1
15982 0
11433 2
12114 1
5115 0
2212 2
588 1
16727 1
59888 0
47298 2
54073 1
63485 1
63804 2
40310 0
20745 0
69883 0
57620 1
33482 1
24479 0
50196 1
68465 2
58566 0
45377 1
63832 0
38912 2
37566 0
32441 1
62822 1
54724 0
69143 2
7251 0
58730 2
61803 1
27817 2
55544 0
31942 2
63669 2
17283 1
3870 2
26654 2
49605 0
28246 2
8115 0
19277 2
11512 2
15818 2
5009 1
36446 1
48678 1
55423 0
18455 1
18870 0
56788 1
33116 0
16833 0
9029 0
66719 1
11916 2
35906 2
14115 1
8100 0
62711 0
30439 0
24320 1
8302 0
39969 1
65650 0
53139 0
24028 1
42911 1
69527 2
25790 2
49232 0
29722 2
59239 2
39950 1
20401 1
46999 0
32940 1
54961 2
62539 0
41023 1
52376 0
46179 1
9449 2
30026 0
4119 1
38422 1
42464 2
50993 2
40554 0
38151 1
57075 0
28304 1
20753 1
31752 0
6126 0
47461 1
30716 1
58304 1
3362 1
2325 2
56121 1
58131 2
32774 0
61853 1
27402 2
28149 1
40736 2
25985 0
36132 0
28337 2
43232 2
57072 0
30855 1
40817 1
38378 0
58432 1
59382 0
19676 1
14894 0
20319 2
10852 1
67292 2
66328 1
41751 0
4912 2
25725 1
23096 1
67677 1
34705 1
60880 0
3694 0
64327 1
221 2
30627 0
8307 0
55249 0
60646 0
44758 0
62871 0
52221 2
60787 1
8038 0
67068 2
8392 2
17553 1
50719 1
55396 0
8080 0
1454 2
8610 2
14464 1
37653 1
46517 2
62184 0
65613 1
2530 1
2712 0
29107 0
68043 2
9675 0
38571 1
65556 2
2343 2
47755 2
4493 2
2377 0
37060 2
26191 2
28777 1
26275 2
2549 2
39599 1
36809 1
33556 1
40720 2
51480 0
5110 2
55616 0
32647 0
52178 1
55617 2
125 2
46372 1
16208 2
51531 1
62710 1
45192 0
43310 1
59152 0
63129 2
69318 0
26316 0
58406 1
50805 0
41399 2
5677 1
11358 0
32398 1
20985 1
22229 0
17598 0
44491 1
33586 2
11422 2
4917 1
46899 1
11391 2
69847 0
36727 0
50321 0
69342 2
38595 1
54225 0
57335 0
64218 0
50926 1
25574 1
35892 0
28717 0
54543 0
41117 2
38900 2
35556 0
60657 0
25003 2
31157 1
13248 0
12613 2
53761 1
37091 0
3689 1
34318 1
54918 0
59238 2
20538 2
4561 0
84 2
53931 0
56641 1
28865 2
15471 2
26540 2
10818 1
32800 0
8955 1
58015 0
37896 0
47717 0
11782 2
40075 0
57904 1
7256 2
48436 1
64521 0
63423 0
3484 1
35903 1
20696 0
42646 2
28836 0
43964 2
26715 2
65706 0
12285 1
36378 0
50057 0
57977 2
13622 0
50824 1
27421 1
50111 1
32643 1
61990 0
50587 2
13984 0
54091 0
64254 0
8320 1
62115 1
14443 2
1254 0
31447 0
16516 1
32292 2
57143 2
66781 0
61196 0
47840 0
69466 1
54537 1
15348 1
48782 2
40762 2
46744 2
51843 0
67560 1
62664 0
34488 1
44676 2
17487 2
28562 1
57560 1
44383 2
57769 2
20522 0
21053 0
52799 2
25384 0
7647 2
66745 0
38418 1
51293 0
26712 2
26221 2
16846 2
42570 2
60537 0
66451 0
3595 0
1871 1
3599 2
15879 1
7559 1
23674 2
17452 1
39629 0
34942 0
67597 1
58119 2
65941 2
44376 0
52553 2
67544 0
60209 0
42164 2
64033 0
56717 1
19733 0
973 0
62991 1
28535 0
10956 1
23326 0
52171 1
18821 0
25528 1
52545 1
21477 2
17076 1
25797 2
22314 1
26528 2
31597 2
36904 1
22756 1
68752 1
60753 0
9467 2
56649 0
46700 2
29108 1
16861 2
54164 0
38365 1
33715 0
55805 0
8208 0
50135 0
40438 1
53829 0
33248 2
24578 2
17201 0
43002 1
21405 1
59789 1
36501 2
11870 1
63783 1
38070 2
37552 1
24527 1
67311 0
37443 1
61740 2
26135 0
47083 0
19880 1
50580 0
24205 2
51526 0
46789 0
25563 2
2679 2
41945 1
6896 0
3323 0
68781 0
55535 1
68646 2
10713 0
65151 2
63848 0
63514 1
64987 0
29527 0
30776 0
18059 2
33310 1
42680 1
44268 1
38905 0
48357 0
29921 0
62915 0
42635 0
32154 2
61052 0
68372 0
10846 2
7753 1
17804 2
64691 0
69953 0
41556 2
6165 1
35516 1
33149 1
64177 1
38706 2
21112 1
26815 1
60603 1
38813 2
69080 0
10411 2
9763 0
59759 2
67087 2
58138 1
54686 0
57160 0
13688 1
29484 2
63947 0
4386 1
40275 1
25346 2
65204 2
46444 0
10519 1
26311 1
19791 0
63577 2
36655 1
39990 2
19636 1
46702 1
24511 2
43212 2
64046 1
14366 2
7727 1
9100 0
60806 2
22498 2
49367 0
45562 1
26057 2
52341 0
38968 0
63847 0
10085 2
55411 2
22869 2
47973 2
59325 1
8168 0
23681 1
39517 0
31162 0
37583 1
29441 0
50678 0
23846 0
12441 0
41698 1
36740 0
32276 2
27727 2
19559 1
36525 1
44052 1
45752 2
11950 1
56163 1
55996 0
55467 0
13993 0
39470 1
37716 0
35328 1
33313 1
55633 1
16970 2
29820 2
23074 1
37978 1
2966 0
30061 1
3876 0
65945 2
40821 0
34717 2
22090 2
35648 0
56756 2
11915 0
43087 1
31343 0
26489 1
30897 1
65823 1
19305 2
63087 0
11609 0
18161 2
62738 2
68124 0
33957 0
51580 2
65178 1
42355 0
54382 1
30856 2
17356 0
556 1
15766 2
61124 0
41515 2
57004 2
65637 2
15473 1
58936 1
17417 1
64782 1
31364 0
16751 2
21427 2
49331 0
59896 0
9362 0
15038 1
4444 1
47322 2
27024 1
27588 1
25579 1
14789 0
63404 0
66757 1
6733 1
870 0
54974 2
58809 1
57514 0
14408 0
67324 1
55679 1
23175 0
25377 1
28124 0
14498 0
14596 2
34851 1
45835 1
47773 2
10070 0
58036 2
57972 0
21701 1
97 2
37598 2
42727 2
36212 1
54943 2
44581 1
6225 0
41892 2
45318 2
64063 0
51507 2
44608 1
33131 0
40492 1
27026 1
32767 0
33224 2
29986 0
23165 1
17691 1
7907 1
12047 2
62192 0
62442 2
61673 0
40998 2
69999 2
6854 2
42998 2
33691 0
28691 0
49008 2
33527 1
28213 1
16669 2
36590 0
64240 0
2057 1
32499 2
28653 1
65427 0
39494 2
21205 1
28274 2
26686 2
49506 0
41546 1
28519 1
61819 1
51324 2
41323 2
24605 0
32997 0
47664 0
69818 2
12723 1
22819 0
61983 0
5403 2
33665 2
53996 1
8223 1
62218 1
12669 1
42621 0
28881 2
59211 1
20039 0
64915 1
31739 0
1547 0
15970 1
27946 0
65071 1
11138 2
13132 0
15386 1
37372 1
29646 2
30880 0
40689 1
27915 2
59676 0
22111 1
43570 2
53170 0
18062 1
34874 1
57821 0
63717 2
32521 0
26304 2
59191 0
25445 1
34525 0
50935 2
12112 0
20392 2
13506 1
42310 2
19031 1
40458 2
3270 2
16069 2
67867 2
69011 2
65388 0
30446 2
18880 1
8203 0
17441 1
47610 1
28109 0
47473 2
11392 1
39605 2
65414 1
48849 2
54853 0
42488 2
59469 0
49950 0
2194 1
1480 0
57134 1
3227 1
41525 1
59802 2
8727 1
50893 0
33781 2
3852 0
61324 2
3287 2
9041 0
50368 2
4610 0
32007 1
50759 1
62342 2
48170 2
35944 2
68320 1
39718 2
14821 2
53206 1
29352 0
52924 1
44789 0
66297 1
49084 1
20150 1
3246 0
27691 2
1605 2
34640 2
50291 0
68502 2
23825 1
10520 2
31 1
41739 2
30881 1
44081 0
13490 0
66200 1
35513 1
57886 1
39711 2
6791 0
13377 1
26962 1
30784 1
17061 0
65356 1
18433 1
43699 0
33446 2
21554 0
6307 1
7395 0
31488 0
28365 1
25247 2
27527 1
29367 2
39753 0
5273 0
14377 0
45271 0
17751 2
67236 1
34650 1
47027 1
54214 2
49445 1
4604 1
59672 0
33160 0
10243 0
16880 2
28725 2
8581 2
26854 1
42492 0
24239 1
53639 0
24326 0
36388 1
62219 2
341 2
35344 1
21071 2
6185 0
66857 1
46182 1
65370 2
68975 1
1123 1
39704 2
45892 2
2742 0
33820 2
10945 2
19311 1
64310 0
24521 2
32384 1
36310 0
6891 1
32145 1
61030 2
49411 1
27581 0
19243 0
15798 0
20388 2
59036 1
36072 1
22618 2
14186 2
69655 1
65554 2
25347 2
59743 0
60099 2
4965 2
17091 0
11736 2
36379 2
7585 0
54510 1
54321 1
4779 2
12904 0
42130 0
60074 2
42176 1
23010 0
7335 2
30120 2
46428 2
2615 2
13624 0
66746 2
52575 1
7130 1
64167 2
60094 0
43613 1
59631 2
68266 2
40065 1
51198 1
69298 1
38012 0
25645 1
58178 1
15368 2
31974 0
17891 2
2497 1
46351 0
20025 0
16123 1
15221 1
12232 1
28648 1
37337 2
59526 1
43498 2
7649 2
59288 0
56709 0
24687 0
17745 0
61638 2
56029 2
12947 0
690 0
37287 1
35099 2
3834 1
51012 2
33454 2
34116 0
636 0
66252 0
51298 2
40948 1
2165 1
32724 2
47498 2
27005 0
57245 0
29239 1
9857 1
59688 2
46643 2
26151 1
66821 0
67580 2
31109 0
22200 2
28119 1
51088 1
25999 0
64939 2
3806 1
57286 0
15226 1
19351 1
16799 2
48079 0
59414 0
4362 2
57162 1
6098 2
21207 0
5609 2
22786 2
487 2
47600 1
12388 2
4263 1
30623 1
23958 0
62239 0
9170 0
37801 0
6008 0
9216 1
32852 2
10111 2
45869 0
9914 2
28517 1
56817 1
8348 2
42343 0
5017 0
53003 1
21251 0
25304 0
7762 0
14503 1
68883 0
43173 1
25752 0
62825 0
56265 1
50011 1
48083 1
68985 2
37397 2
3410 0
37711 2
15932 1
33303 1
5201 0
44744 1
57222 0
27255 0
64908 2
15826 2
55438 2
37749 1
58408 1
44781 0
17502 1
68297 2
13538 2
56945 0
656 0
4760 1
44001 1
41990 0
48468 2
12477 1
60689 1
4953 0
16640 2
4819 2
58618 2
41457 0
50039 0
8668 1
59928 0
20787 2
33325 1
53088 1
66637 2
24063 0
57340 0
22556 1
61417 1
10637 1
4769 0
29734 0
9333 1
40452 1
57304 1
36456 0
2836 0
42815 1
40513 0
42422 1
48260 1
24491 2
66358 0
61481 1
58176 2
7698 0
17360 2
8103 2
7436 0
21125 2
16510 2
54333 1
42915 2
31026 2
38356 1
63279 1
54012 1
61419 0
52986 0
29639 2
49863 1
4654 0
65909 2
34240 2
646 1
58320 0
39647 0
64267 1
59429 2
19887 1
53246 1
17795 1
47779 2
6625 1
59770 0
3873 0
5090 2
52548 0
55942 1
53781 1
48466 2
41938 1
63158 2
46259 2
55936 2
33841 1
65875 2
58107 0
31736 2
5072 1
29655 1
36854 1
51581 1
2375 0
62987 0
17384 2
37014 2
63695 1
2899 1
66893 2
11010 0
30736 2
13867 1
42463 0
21026 0
29785 1
61248 2
9696 2
47953 2
40779 1
9600 1
7855 1
61182 1
21186 2
4425 0
40686 1
53130 1
560 0
65770 2
53520 1
53135 1
21173 0
20634 2
61420 0
66727 2
46379 1
9443 0
29042 2
21248 1
37298 0
18037 0
1521 2
6712 2
1971 2
54028 0
42177 2
52125 0
60203 2
33854 2
45369 0
10837 1
12738 0
22340 2
37433 0
46785 2
59388 0
4592 1
43279 2
34757 1
40128 0
69439 0
13866 0
11121 0
48912 2
9464 1
5181 1
3472 1
14744 1
46031 2
4076 0
11055 2
19554 1
39190 0
19352 0
15768 0
13476 0
23028 2
23036 1
53414 2
64295 1
54935 1
10864 0
35934 0
4378 1
10459 1
64497 0
68141 1
40917 2
45899 1
51619 2
25186 1
53844 0
65574 0
17280 2
44892 0
44167 2
10211 2
44254 2
25556 0
51399 0
61941 1
44643 2
9073 1
25312 2
31552 2
25292 0
10907 0
44627 1
28262 2
49437 0
4581 2
11343 2
4267 2
2182 0
4547 0
46402 1
64169 0
2707 1
18774 1
1331 0
60038 1
39180 1
40352 0
54780 0
25401 2
58046 2
4069 2
66524 2
49458 2
16512 0
2069 0
8969 0
40078 1
40635 0
24217 2
16872 2
1928 2
40141 2
67697 1
3076 0
7369 2
47024 0
59282 2
21792 2
68577 1
49905 1
1751 2
63230 0
30702 2
52114 0
32744 0
9284 0
31551 2
35865 2
13217 2
56457 1
47145 0
39079 2
41472 0
56621 0
55040 1
62254 2
39372 2
20468 0
28947 0
32670 2
54482 0
32070 0
35374 2
17294 0
27342 2
24656 1
43781 0
65451 1
58129 1
13290 2
35003 1
30555 0
2655 0
58133 0
24907 0
20187 0
59079 1
26347 1
58857 2
14052 1
51304 2
68175 2
36541 2
46236 0
12682 2
17625 1
26871 0
14372 2
59897 0
34803 2
2170 1
43865 1
42235 0
38701 2
54683 1
604 1
20549 1
63503 2
66446 2
37293 1
67906 0
36506 1
39173 2
21039 1
13570 1
7124 0
2954 0
26058 2
60539 1
17827 0
45280 2
34519 1
68460 0
26128 0
5251 0
5988 2
66493 1
38652 0
52850 0
36967 1
40887 1
13298 1
66852 1
40920 1
66139 0
68648 1
57583 1
15241 1
33339 1
10042 1
25189 0
41929 2
4521 0
46682 2
30408 0
7787 2
55529 0
9377 1
25324 0
16876 2
59114 2
22347 2
46568 2
29748 2
68676 0
22569 1
67579 2
43205 1
60145 1
47946 2
479 2
41290 2
66340 0
66625 1
25466 2
60297 2
57800 1
5990 2
5873 1
46247 1
41233 2
57454 0
37927 1
31652 2
42182 1
34260 1
38134 2
7241 2
43092 1
48429 0
49332 1
13817 1
13520 2
66259 0
8908 1
50003 0
28098 2
10023 0
55787 2
34550 1
22651 2
56584 0
56475 2
66736 2
12692 1
40691 0
34109 2
48200 1
15608 0
26056 0
62736 2
1626 1
5163 2
25478 2
56078 0
46131 0
24054 2
30710 2
59652 0
35991 0
14018 0
20554 2
6848 2
14054 0
6780 2
158 0
68075 2
47734 1
18322 1
43887 1
59330 1
10383 0
59424 2
55417 2
16341 2
57883 1
62940 1
11285 1
30515 2
49634 2
27655 2
55917 0
59439 1
20071 1
66141 2
61415 2
65723 0
16580 1
42347 0
35948 0
37153 1
68979 1
51308 0
50569 2
38983 2
30746 2
45583 1
25619 1
22263 2
15748 2
11579 1
39986 1
28234 2
20843 1
1540 0
649 2
56919 1
28554 1
209 0
25639 1
47125 1
30021 0
45013 2
46421 1
37270 0
14839 2
49215 1
40347 1
24864 1
52794 1
48635 0
48390 1
9392 0
20904 0
20332 0
55605 1
22176 0
4145 1
19862 2
24731 0
10586 2
12969 1
67061 2
49575 2
43806 1
57851 1
56632 1
30261 2
47120 1
31525 1
18106 2
28899 0
44391 1
33830 2
21705 0
5535 2
32139 1
21916 1
47269 2
36660 2
4237 1
65510 2
55723 0
51564 2
69313 1
24572 1
33625 0
67250 1
753 2
9949 0
41094 2
37521 2
11919 0
214 2
19968 2
7586 0
7365 1
4621 2
22893 0
11743 0
4107 1
54522 0
11500 2
25663 1
63131 1
38885 0
60933 2
46126 0
54060 1
37694 0
59559 2
14805 0
48453 2
27066 2
60770 0
14056 1
65258 0
30920 0
6700 2
29945 2
17102 2
12422 2
40893 0
59989 2
51400 1
3682 2
4528 2
35261 1
2967 0
45502 0
30577 0
54292 2
20067 1
44770 1
30982 1
39609 2
61249 1
23270 2
46392 2
15457 2
24512 2
56399 2
19746 0
29546 2
8834 0
63919 2
65236 0
30115 2
11310 0
23115 1
38654 1
29467 0
13064 0
13300 2
25751 2
32172 2
21000 0
29110 0
52937 2
28051 1
53747 2
22956 2
47900 1
44354 1
20075 1
26490 2
69555 2
43813 1
15162 2
13388 0
50889 2
17834 2
3113 2
32482 1
8041 1
18669 1
26328 2
50203 2
1495 0
39105 0
24414 2
25016 0
65132 2
2431 1
49329 2
40391 2
60288 2
53997 2
17164 2
36522 2
65082 2
41519 1
31111 2
13672 2
53376 1
38828 0
33076 2
62886 1
50351 2
45564 2
61432 2
32737 1
24485 2
69047 2
8476 2
46207 2
44727 0
23263 2
67263 0
37354 2
28618 0
9124 0
69445 2
33094 1
14084 0
12390 1
52313 0
2347 0
6654 0
27499 0
62155 1
23539 1
68771 1
31487 0
56516 2
28092 1
47439 2
10597 1
27117 2
59833 0
16793 2
55435 0
49145 2
65080 1
30812 1
49490 1
60479 2
45006 0
5553 1
33417 1
5714 0
9503 1
5743 0
11628 0
39225 2
62521 0
26239 1
42519 2
31460 2
56428 2
20370 0
48597 2
48575 1
36625 2
25252 1
47039 1
26064 1
51998 0
26073 1
21433 1
17227 1
22266 2
35816 1
40456 0
67661 2
9277 1
3109 0
4026 2
30816 0
52952 1
61879 2
48009 2
48581 0
16615 1
69371 2
25626 2
57611 2
66601 0
61557 2
11238 2
2339 1
46305 0
34252 0
22559 2
56378 0
21369 2
52443 1
47698 1
46009 2
58113 2
9452 2
52481 1
5482 1
39485 0
44732 0
24514 1
22077 2
49942 1
37047 0
25724 1
47768 1
41949 1
12458 2
48578 0
5451 2
38023 1
22910 0
10148 0
64680 1
58443 1
36609 0
51852 1
31713 0
31954 2
56898 1
2996 1
21128 2
37201 1
5602 1
5919 0
68391 0
36941 1
20627 1
39091 2
15874 1
16043 1
67851 1
18904 1
25730 2
41664 1
67160 2
43715 0
39061 1
33427 2
47827 2
21824 1
9719 0
32161 2
68960 2
23837 0
69520 1
9006 2
3775 1
50306 1
12247 2
12735 0
25942 0
50303 1
7379 2
30804 1
30355 0
68604 2
40403 2
60606 2
61589 1
13111 0
51098 0
7254 1
60471 2
7659 2
47903 2
19718 1
22441 1
12503 0
33369 1
21244 1
13469 1
60960 2
13765 1
810 2
33400 0
26255 1
38368 1
59270 2
69477 0
61251 0
42441 2
62000 0
20399 1
51418 0
56389 2
14480 2
58684 2
63179 2
15446 2
11892 1
67351 2
87 2
20065 0
43444 0
28705 1
14520 1
7327 0
44855 1
723 0
4712 1
25510 0
2184 1
17110 2
60695 0
38024 0
15751 0
41912 2
52253 2
2516 1
12977 0
69409 1
40778 1
57013 1
24254 2
63506 2
58588 0
31629 2
5315 2
7008 0
24289 0
11005 0
17815 2
66925 0
62445 0
36705 0
31189 0
13000 2
64085 1
34479 1
19685 2
11830 0
48848 0
24623 0
66661 0
67912 0
30650 1
8906 0
61547 1
36677 0
36221 1
3553 2
29324 2
68830 2
66400 0
4316 0
57542 1
1354 0
57472 1
45123 2
35134 1
42715 0
50269 2
5329 0
39963 1
16914 0
22117 1
3345 1
39730 2
14318 1
62002 2
26214 2
63292 0
28215 0
22413 2
18565 1
4921 2
48638 0
32575 2
8613 0
57516 2
35329 1
44846 2
65294 0
63969 1
25405 1
4812 1
62768 1
25314 2
9447 0
35568 1
21835 0
52513 2
49940 2
34381 1
5577 2
35898 0
6653 0
34744 2
19430 2
3584 1
55316 1
45537 2
26756 1
48012 1
31405 2
43046 0
8783 0
61298 0
2790 0
69701 0
7094 0
51259 1
470 0
38649 1
33613 2
42634 1
18745 0
39500 2
59862 1
52733 2
43323 1
12214 1
23332 0
60737 2
32372 2
69079 0
13912 2
59707 2
39773 1
334 0
57747 0
48954 0
24367 0
69158 1
7594 2
4404 0
58813 2
56974 2
61403 1
35945 0
56530 0
2254 1
54272 1
67909 2
53539 2
52971 1
41488 1
47205 1
34027 2
63326 0
40758 1
44396 0
33528 0
18646 1
6699 0
29425 1
61369 1
59954 0
50262 1
16642 2
26649 0
17403 0
5771 1
55553 1
28979 0
24653 2
24323 2
19043 0
65416 1
31581 2
55830 0
